vds	Id(M2)	sqrt(Id(M2))
Step Information: Vgs=600m  (Run: 1/20)
0.000000000000000e+000	0.000000e+000	0.000000e+000
2.000000000000000e-002	1.571926e-005	3.964752e-003
4.000000000000000e-002	2.955275e-005	5.436244e-003
6.000000000000000e-002	4.158193e-005	6.448405e-003
8.000000000000000e-002	5.188740e-005	7.203291e-003
1.000000000000000e-001	6.055363e-005	7.781621e-003
1.200000000000000e-001	6.767848e-005	8.226693e-003
1.400000000000000e-001	7.338978e-005	8.566783e-003
1.600000000000000e-001	7.786576e-005	8.824158e-003
1.800000000000000e-001	8.134183e-005	9.018971e-003
2.000000000000000e-001	8.408188e-005	9.169617e-003
2.200000000000000e-001	8.632559e-005	9.291157e-003
2.400000000000000e-001	8.825324e-005	9.394320e-003
2.600000000000000e-001	8.998409e-005	9.485994e-003
2.800000000000000e-001	9.159210e-005	9.570376e-003
3.000000000000000e-001	9.312243e-005	9.649996e-003
3.200000000000000e-001	9.460284e-005	9.726399e-003
3.400000000000000e-001	9.605087e-005	9.800555e-003
3.600000000000000e-001	9.747790e-005	9.873089e-003
3.800000000000001e-001	9.889151e-005	9.944421e-003
4.000000000000001e-001	1.002969e-004	1.001483e-002
4.200000000000001e-001	1.016978e-004	1.008453e-002
4.400000000000001e-001	1.030967e-004	1.015365e-002
4.600000000000001e-001	1.044956e-004	1.022231e-002
4.800000000000002e-001	1.058961e-004	1.029058e-002
5.000000000000001e-001	1.072990e-004	1.035852e-002
5.200000000000001e-001	1.087054e-004	1.042619e-002
5.400000000000002e-001	1.101159e-004	1.049361e-002
5.600000000000002e-001	1.115309e-004	1.056082e-002
5.800000000000002e-001	1.129509e-004	1.062784e-002
6.000000000000002e-001	1.143763e-004	1.069469e-002
6.200000000000002e-001	1.158073e-004	1.076138e-002
6.400000000000002e-001	1.172441e-004	1.082793e-002
6.600000000000003e-001	1.186869e-004	1.089435e-002
6.800000000000003e-001	1.201358e-004	1.096065e-002
7.000000000000003e-001	1.215910e-004	1.102683e-002
7.200000000000003e-001	1.230525e-004	1.109290e-002
7.400000000000003e-001	1.245205e-004	1.115887e-002
7.600000000000003e-001	1.259950e-004	1.122475e-002
7.800000000000004e-001	1.274760e-004	1.129053e-002
8.000000000000004e-001	1.289637e-004	1.135622e-002
8.200000000000004e-001	1.304580e-004	1.142182e-002
8.400000000000004e-001	1.319590e-004	1.148734e-002
8.600000000000004e-001	1.334666e-004	1.155278e-002
8.800000000000005e-001	1.349810e-004	1.161813e-002
9.000000000000005e-001	1.365021e-004	1.168341e-002
9.200000000000005e-001	1.380300e-004	1.174861e-002
9.400000000000005e-001	1.395645e-004	1.181374e-002
9.600000000000005e-001	1.411058e-004	1.187880e-002
9.800000000000005e-001	1.426539e-004	1.194378e-002
1.000000000000000e+000	1.442086e-004	1.200869e-002
1.020000000000001e+000	1.457701e-004	1.207353e-002
1.040000000000001e+000	1.473384e-004	1.213830e-002
1.060000000000001e+000	1.489133e-004	1.220300e-002
1.080000000000001e+000	1.504950e-004	1.226764e-002
1.100000000000001e+000	1.520833e-004	1.233221e-002
1.120000000000001e+000	1.536784e-004	1.239671e-002
1.140000000000001e+000	1.552801e-004	1.246114e-002
1.160000000000001e+000	1.568885e-004	1.252551e-002
1.180000000000001e+000	1.585035e-004	1.258982e-002
1.200000000000001e+000	1.601252e-004	1.265406e-002
1.220000000000001e+000	1.617535e-004	1.271823e-002
1.240000000000001e+000	1.633883e-004	1.278234e-002
1.260000000000001e+000	1.650298e-004	1.284639e-002
1.280000000000001e+000	1.666779e-004	1.291038e-002
1.300000000000001e+000	1.683325e-004	1.297430e-002
1.320000000000001e+000	1.699936e-004	1.303816e-002
1.340000000000001e+000	1.716613e-004	1.310196e-002
1.360000000000001e+000	1.733355e-004	1.316569e-002
1.380000000000001e+000	1.750161e-004	1.322937e-002
1.400000000000001e+000	1.767033e-004	1.329298e-002
1.420000000000001e+000	1.783969e-004	1.335653e-002
1.440000000000001e+000	1.800969e-004	1.342002e-002
1.460000000000001e+000	1.818033e-004	1.348345e-002
1.480000000000001e+000	1.835162e-004	1.354681e-002
1.500000000000001e+000	1.852354e-004	1.361012e-002
1.520000000000001e+000	1.869610e-004	1.367337e-002
1.540000000000001e+000	1.886929e-004	1.373655e-002
1.560000000000001e+000	1.904312e-004	1.379968e-002
1.580000000000001e+000	1.921758e-004	1.386275e-002
1.600000000000001e+000	1.939266e-004	1.392575e-002
1.620000000000001e+000	1.956838e-004	1.398870e-002
1.640000000000001e+000	1.974471e-004	1.405159e-002
1.660000000000001e+000	1.992168e-004	1.411442e-002
1.680000000000001e+000	2.009926e-004	1.417719e-002
1.700000000000001e+000	2.027746e-004	1.423990e-002
1.720000000000001e+000	2.045628e-004	1.430255e-002
1.740000000000001e+000	2.063572e-004	1.436514e-002
1.760000000000001e+000	2.081577e-004	1.442767e-002
1.780000000000001e+000	2.099644e-004	1.449015e-002
1.800000000000000e+000	2.117771e-004	1.455256e-002
Step Information: Vgs=700m  (Run: 2/20)
0.000000000000000e+000	0.000000e+000	0.000000e+000
2.000000000000000e-002	2.247265e-005	4.740532e-003
4.000000000000000e-002	4.289449e-005	6.549389e-003
6.000000000000000e-002	6.134593e-005	7.832364e-003
8.000000000000000e-002	7.790233e-005	8.826230e-003
1.000000000000000e-001	9.263472e-005	9.624693e-003
1.200000000000000e-001	1.056110e-004	1.027672e-002
1.400000000000000e-001	1.168984e-004	1.081196e-002
1.600000000000000e-001	1.265692e-004	1.125030e-002
1.800000000000000e-001	1.347106e-004	1.160649e-002
2.000000000000000e-001	1.414399e-004	1.189285e-002
2.200000000000000e-001	1.469211e-004	1.212110e-002
2.400000000000000e-001	1.513661e-004	1.230309e-002
2.600000000000000e-001	1.550113e-004	1.245035e-002
2.800000000000000e-001	1.580778e-004	1.257290e-002
3.000000000000000e-001	1.607438e-004	1.267848e-002
3.200000000000000e-001	1.631382e-004	1.277256e-002
3.400000000000000e-001	1.653486e-004	1.285879e-002
3.600000000000000e-001	1.674331e-004	1.293960e-002
3.800000000000001e-001	1.694304e-004	1.301654e-002
4.000000000000001e-001	1.713662e-004	1.309069e-002
4.200000000000001e-001	1.732580e-004	1.316275e-002
4.400000000000001e-001	1.751182e-004	1.323322e-002
4.600000000000001e-001	1.769555e-004	1.330246e-002
4.800000000000002e-001	1.787760e-004	1.337071e-002
5.000000000000001e-001	1.805846e-004	1.343818e-002
5.200000000000001e-001	1.823846e-004	1.350498e-002
5.400000000000002e-001	1.841788e-004	1.357125e-002
5.600000000000002e-001	1.859692e-004	1.363705e-002
5.800000000000002e-001	1.877574e-004	1.370246e-002
6.000000000000002e-001	1.895448e-004	1.376753e-002
6.200000000000002e-001	1.913323e-004	1.383229e-002
6.400000000000002e-001	1.931208e-004	1.389679e-002
6.600000000000003e-001	1.949109e-004	1.396105e-002
6.800000000000003e-001	1.967033e-004	1.402510e-002
7.000000000000003e-001	1.984984e-004	1.408895e-002
7.200000000000003e-001	2.002966e-004	1.415262e-002
7.400000000000003e-001	2.020982e-004	1.421612e-002
7.600000000000003e-001	2.039035e-004	1.427948e-002
7.800000000000004e-001	2.057127e-004	1.434269e-002
8.000000000000004e-001	2.075260e-004	1.440576e-002
8.200000000000004e-001	2.093436e-004	1.446871e-002
8.400000000000004e-001	2.111656e-004	1.453154e-002
8.600000000000004e-001	2.129922e-004	1.459425e-002
8.800000000000005e-001	2.148235e-004	1.465686e-002
9.000000000000005e-001	2.166596e-004	1.471936e-002
9.200000000000005e-001	2.185005e-004	1.478176e-002
9.400000000000005e-001	2.203463e-004	1.484407e-002
9.600000000000005e-001	2.221971e-004	1.490628e-002
9.800000000000005e-001	2.240529e-004	1.496840e-002
1.000000000000000e+000	2.259138e-004	1.503043e-002
1.020000000000001e+000	2.277799e-004	1.509238e-002
1.040000000000001e+000	2.296511e-004	1.515424e-002
1.060000000000001e+000	2.315274e-004	1.521603e-002
1.080000000000001e+000	2.334090e-004	1.527773e-002
1.100000000000001e+000	2.352958e-004	1.533936e-002
1.120000000000001e+000	2.371879e-004	1.540091e-002
1.140000000000001e+000	2.390852e-004	1.546238e-002
1.160000000000001e+000	2.409879e-004	1.552378e-002
1.180000000000001e+000	2.428958e-004	1.558511e-002
1.200000000000001e+000	2.448090e-004	1.564637e-002
1.220000000000001e+000	2.467275e-004	1.570756e-002
1.240000000000001e+000	2.486513e-004	1.576868e-002
1.260000000000001e+000	2.505805e-004	1.582973e-002
1.280000000000001e+000	2.525149e-004	1.589072e-002
1.300000000000001e+000	2.544547e-004	1.595164e-002
1.320000000000001e+000	2.563999e-004	1.601249e-002
1.340000000000001e+000	2.583503e-004	1.607328e-002
1.360000000000001e+000	2.603061e-004	1.613400e-002
1.380000000000001e+000	2.622671e-004	1.619466e-002
1.400000000000001e+000	2.642335e-004	1.625526e-002
1.420000000000001e+000	2.662052e-004	1.631580e-002
1.440000000000001e+000	2.681823e-004	1.637627e-002
1.460000000000001e+000	2.701646e-004	1.643668e-002
1.480000000000001e+000	2.721522e-004	1.649704e-002
1.500000000000001e+000	2.741451e-004	1.655733e-002
1.520000000000001e+000	2.761433e-004	1.661756e-002
1.540000000000001e+000	2.781468e-004	1.667773e-002
1.560000000000001e+000	2.801555e-004	1.673785e-002
1.580000000000001e+000	2.821696e-004	1.679790e-002
1.600000000000001e+000	2.841888e-004	1.685790e-002
1.620000000000001e+000	2.862134e-004	1.691784e-002
1.640000000000001e+000	2.882431e-004	1.697772e-002
1.660000000000001e+000	2.902782e-004	1.703755e-002
1.680000000000001e+000	2.923184e-004	1.709732e-002
1.700000000000001e+000	2.943639e-004	1.715704e-002
1.720000000000001e+000	2.964145e-004	1.721669e-002
1.740000000000001e+000	2.984704e-004	1.727630e-002
1.760000000000001e+000	3.005315e-004	1.733584e-002
1.780000000000001e+000	3.025978e-004	1.739534e-002
1.800000000000000e+000	3.046692e-004	1.745478e-002
Step Information: Vgs=800m  (Run: 3/20)
0.000000000000000e+000	0.000000e+000	0.000000e+000
2.000000000000000e-002	2.832723e-005	5.322334e-003
4.000000000000000e-002	5.453842e-005	7.385014e-003
6.000000000000000e-002	7.871118e-005	8.871932e-003
8.000000000000000e-002	1.009180e-004	1.004580e-002
1.000000000000000e-001	1.212264e-004	1.101029e-002
1.200000000000000e-001	1.396991e-004	1.181944e-002
1.400000000000000e-001	1.563941e-004	1.250576e-002
1.600000000000000e-001	1.713654e-004	1.309066e-002
1.800000000000000e-001	1.846645e-004	1.358913e-002
2.000000000000000e-001	1.963436e-004	1.401226e-002
2.200000000000000e-001	2.064625e-004	1.436880e-002
2.400000000000000e-001	2.150999e-004	1.466629e-002
2.600000000000000e-001	2.223687e-004	1.491203e-002
2.800000000000000e-001	2.284267e-004	1.511379e-002
3.000000000000000e-001	2.334727e-004	1.527981e-002
3.200000000000000e-001	2.377216e-004	1.541822e-002
3.400000000000000e-001	2.413735e-004	1.553620e-002
3.600000000000000e-001	2.445931e-004	1.563947e-002
3.800000000000001e-001	2.475042e-004	1.573227e-002
4.000000000000001e-001	2.501957e-004	1.581758e-002
4.200000000000001e-001	2.527295e-004	1.589747e-002
4.400000000000001e-001	2.551490e-004	1.597338e-002
4.600000000000001e-001	2.574842e-004	1.604632e-002
4.800000000000002e-001	2.597568e-004	1.611697e-002
5.000000000000001e-001	2.619820e-004	1.618586e-002
5.200000000000001e-001	2.641712e-004	1.625335e-002
5.400000000000002e-001	2.663328e-004	1.631971e-002
5.600000000000002e-001	2.684731e-004	1.638515e-002
5.800000000000002e-001	2.705969e-004	1.644983e-002
6.000000000000002e-001	2.727080e-004	1.651387e-002
6.200000000000002e-001	2.748094e-004	1.657738e-002
6.400000000000002e-001	2.769034e-004	1.664041e-002
6.600000000000003e-001	2.789919e-004	1.670305e-002
6.800000000000003e-001	2.810764e-004	1.676533e-002
7.000000000000003e-001	2.831581e-004	1.682730e-002
7.200000000000003e-001	2.852382e-004	1.688900e-002
7.400000000000003e-001	2.873176e-004	1.695044e-002
7.600000000000003e-001	2.893968e-004	1.701167e-002
7.800000000000004e-001	2.914765e-004	1.707268e-002
8.000000000000004e-001	2.935573e-004	1.713351e-002
8.200000000000004e-001	2.956395e-004	1.719417e-002
8.400000000000004e-001	2.977237e-004	1.725467e-002
8.600000000000004e-001	2.998100e-004	1.731502e-002
8.800000000000005e-001	3.018987e-004	1.737523e-002
9.000000000000005e-001	3.039902e-004	1.743532e-002
9.200000000000005e-001	3.060847e-004	1.749528e-002
9.400000000000005e-001	3.081822e-004	1.755512e-002
9.600000000000005e-001	3.102830e-004	1.761485e-002
9.800000000000005e-001	3.123873e-004	1.767448e-002
1.000000000000000e+000	3.144951e-004	1.773401e-002
1.020000000000001e+000	3.166066e-004	1.779344e-002
1.040000000000001e+000	3.187219e-004	1.785278e-002
1.060000000000001e+000	3.208410e-004	1.791204e-002
1.080000000000001e+000	3.229640e-004	1.797120e-002
1.100000000000001e+000	3.250911e-004	1.803028e-002
1.120000000000001e+000	3.272223e-004	1.808929e-002
1.140000000000001e+000	3.293575e-004	1.814821e-002
1.160000000000001e+000	3.314970e-004	1.820706e-002
1.180000000000001e+000	3.336407e-004	1.826583e-002
1.200000000000001e+000	3.357886e-004	1.832454e-002
1.220000000000001e+000	3.379409e-004	1.838317e-002
1.240000000000001e+000	3.400975e-004	1.844173e-002
1.260000000000001e+000	3.422585e-004	1.850023e-002
1.280000000000001e+000	3.444238e-004	1.855866e-002
1.300000000000001e+000	3.465936e-004	1.861702e-002
1.320000000000001e+000	3.487678e-004	1.867533e-002
1.340000000000001e+000	3.509465e-004	1.873357e-002
1.360000000000001e+000	3.531296e-004	1.879174e-002
1.380000000000001e+000	3.553173e-004	1.884986e-002
1.400000000000001e+000	3.575094e-004	1.890792e-002
1.420000000000001e+000	3.597061e-004	1.896592e-002
1.440000000000001e+000	3.619072e-004	1.902386e-002
1.460000000000001e+000	3.641130e-004	1.908174e-002
1.480000000000001e+000	3.663232e-004	1.913957e-002
1.500000000000001e+000	3.685381e-004	1.919734e-002
1.520000000000001e+000	3.707574e-004	1.925506e-002
1.540000000000001e+000	3.729813e-004	1.931272e-002
1.560000000000001e+000	3.752098e-004	1.937033e-002
1.580000000000001e+000	3.774429e-004	1.942789e-002
1.600000000000001e+000	3.796805e-004	1.948539e-002
1.620000000000001e+000	3.819228e-004	1.954284e-002
1.640000000000001e+000	3.841696e-004	1.960024e-002
1.660000000000001e+000	3.864209e-004	1.965759e-002
1.680000000000001e+000	3.886769e-004	1.971489e-002
1.700000000000001e+000	3.909374e-004	1.977214e-002
1.720000000000001e+000	3.932025e-004	1.982934e-002
1.740000000000001e+000	3.954722e-004	1.988648e-002
1.760000000000001e+000	3.977465e-004	1.994358e-002
1.780000000000001e+000	4.000254e-004	2.000063e-002
1.800000000000000e+000	4.023088e-004	2.005764e-002
Step Information: Vgs=900m  (Run: 4/20)
0.000000000000000e+000	0.000000e+000	0.000000e+000
2.000000000000000e-002	3.333652e-005	5.773779e-003
4.000000000000000e-002	6.454780e-005	8.034165e-003
6.000000000000000e-002	9.370706e-005	9.680241e-003
8.000000000000000e-002	1.208830e-004	1.099468e-002
1.000000000000000e-001	1.461399e-004	1.208884e-002
1.200000000000000e-001	1.695376e-004	1.302066e-002
1.400000000000000e-001	1.911313e-004	1.382502e-002
1.600000000000000e-001	2.109717e-004	1.452486e-002
1.800000000000000e-001	2.291047e-004	1.513620e-002
2.000000000000000e-001	2.455720e-004	1.567074e-002
2.200000000000000e-001	2.604116e-004	1.613727e-002
2.400000000000000e-001	2.736602e-004	1.654268e-002
2.600000000000000e-001	2.853580e-004	1.689254e-002
2.800000000000000e-001	2.955576e-004	1.719179e-002
3.000000000000000e-001	3.043372e-004	1.744526e-002
3.200000000000000e-001	3.118132e-004	1.765823e-002
3.400000000000000e-001	3.181450e-004	1.783662e-002
3.600000000000000e-001	3.235233e-004	1.798675e-002
3.800000000000001e-001	3.281453e-004	1.811478e-002
4.000000000000001e-001	3.321902e-004	1.822609e-002
4.200000000000001e-001	3.358052e-004	1.832499e-002
4.400000000000001e-001	3.391031e-004	1.841475e-002
4.600000000000001e-001	3.421674e-004	1.849777e-002
4.800000000000002e-001	3.450582e-004	1.857574e-002
5.000000000000001e-001	3.478190e-004	1.864991e-002
5.200000000000001e-001	3.504813e-004	1.872115e-002
5.400000000000002e-001	3.530680e-004	1.879010e-002
5.600000000000002e-001	3.555962e-004	1.885726e-002
5.800000000000002e-001	3.580785e-004	1.892296e-002
6.000000000000002e-001	3.605245e-004	1.898748e-002
6.200000000000002e-001	3.629419e-004	1.905103e-002
6.400000000000002e-001	3.653362e-004	1.911377e-002
6.600000000000003e-001	3.677121e-004	1.917582e-002
6.800000000000003e-001	3.700732e-004	1.923729e-002
7.000000000000003e-001	3.724225e-004	1.929825e-002
7.200000000000003e-001	3.747623e-004	1.935878e-002
7.400000000000003e-001	3.770945e-004	1.941892e-002
7.600000000000003e-001	3.794208e-004	1.947873e-002
7.800000000000004e-001	3.817425e-004	1.953823e-002
8.000000000000004e-001	3.840608e-004	1.959747e-002
8.200000000000004e-001	3.863765e-004	1.965646e-002
8.400000000000004e-001	3.886906e-004	1.971524e-002
8.600000000000004e-001	3.910037e-004	1.977381e-002
8.800000000000005e-001	3.933164e-004	1.983221e-002
9.000000000000005e-001	3.956291e-004	1.989043e-002
9.200000000000005e-001	3.979425e-004	1.994850e-002
9.400000000000005e-001	4.002568e-004	2.000642e-002
9.600000000000005e-001	4.025723e-004	2.006421e-002
9.800000000000005e-001	4.048895e-004	2.012187e-002
1.000000000000000e+000	4.072085e-004	2.017941e-002
1.020000000000001e+000	4.095295e-004	2.023683e-002
1.040000000000001e+000	4.118528e-004	2.029416e-002
1.060000000000001e+000	4.141786e-004	2.035138e-002
1.080000000000001e+000	4.165070e-004	2.040850e-002
1.100000000000001e+000	4.188383e-004	2.046554e-002
1.120000000000001e+000	4.211724e-004	2.052248e-002
1.140000000000001e+000	4.235095e-004	2.057935e-002
1.160000000000001e+000	4.258497e-004	2.063613e-002
1.180000000000001e+000	4.281932e-004	2.069283e-002
1.200000000000001e+000	4.305400e-004	2.074946e-002
1.220000000000001e+000	4.328902e-004	2.080601e-002
1.240000000000001e+000	4.352438e-004	2.086250e-002
1.260000000000001e+000	4.376010e-004	2.091891e-002
1.280000000000001e+000	4.399617e-004	2.097526e-002
1.300000000000001e+000	4.423261e-004	2.103155e-002
1.320000000000001e+000	4.446942e-004	2.108777e-002
1.340000000000001e+000	4.470659e-004	2.114393e-002
1.360000000000001e+000	4.494415e-004	2.120004e-002
1.380000000000001e+000	4.518209e-004	2.125608e-002
1.400000000000001e+000	4.542041e-004	2.131207e-002
1.420000000000001e+000	4.565912e-004	2.136800e-002
1.440000000000001e+000	4.589822e-004	2.142387e-002
1.460000000000001e+000	4.613771e-004	2.147969e-002
1.480000000000001e+000	4.637760e-004	2.153546e-002
1.500000000000001e+000	4.661789e-004	2.159118e-002
1.520000000000001e+000	4.685857e-004	2.164684e-002
1.540000000000001e+000	4.709966e-004	2.170246e-002
1.560000000000001e+000	4.734115e-004	2.175802e-002
1.580000000000001e+000	4.758304e-004	2.181354e-002
1.600000000000001e+000	4.782534e-004	2.186901e-002
1.620000000000001e+000	4.806805e-004	2.192443e-002
1.640000000000001e+000	4.831117e-004	2.197980e-002
1.660000000000001e+000	4.855470e-004	2.203513e-002
1.680000000000001e+000	4.879864e-004	2.209041e-002
1.700000000000001e+000	4.904299e-004	2.214565e-002
1.720000000000001e+000	4.928775e-004	2.220084e-002
1.740000000000001e+000	4.953293e-004	2.225599e-002
1.760000000000001e+000	4.977852e-004	2.231110e-002
1.780000000000001e+000	5.002453e-004	2.236616e-002
1.800000000000000e+000	5.027095e-004	2.242118e-002
Step Information: Vgs=1  (Run: 5/20)
0.000000000000000e+000	0.000000e+000	0.000000e+000
2.000000000000000e-002	3.761533e-005	6.133134e-003
4.000000000000000e-002	7.312978e-005	8.551595e-003
6.000000000000000e-002	1.066114e-004	1.032528e-002
8.000000000000000e-002	1.381245e-004	1.175264e-002
1.000000000000000e-001	1.677294e-004	1.295104e-002
1.200000000000000e-001	1.954827e-004	1.398151e-002
1.400000000000000e-001	2.214372e-004	1.488077e-002
1.600000000000000e-001	2.456417e-004	1.567296e-002
1.800000000000000e-001	2.681407e-004	1.637500e-002
2.000000000000000e-001	2.889744e-004	1.699925e-002
2.200000000000000e-001	3.081785e-004	1.755501e-002
2.400000000000000e-001	3.257838e-004	1.804948e-002
2.600000000000000e-001	3.418173e-004	1.848830e-002
2.800000000000000e-001	3.563033e-004	1.887600e-002
3.000000000000000e-001	3.692674e-004	1.921633e-002
3.200000000000000e-001	3.807436e-004	1.951265e-002
3.400000000000000e-001	3.907854e-004	1.976829e-002
3.600000000000000e-001	3.994787e-004	1.998696e-002
3.800000000000001e-001	4.069499e-004	2.017300e-002
4.000000000000001e-001	4.133621e-004	2.033131e-002
4.200000000000001e-001	4.188982e-004	2.046700e-002
4.400000000000001e-001	4.237379e-004	2.058489e-002
4.600000000000001e-001	4.280394e-004	2.068911e-002
4.800000000000002e-001	4.319321e-004	2.078298e-002
5.000000000000001e-001	4.355161e-004	2.086902e-002
5.200000000000001e-001	4.388664e-004	2.094914e-002
5.400000000000002e-001	4.420389e-004	2.102472e-002
5.600000000000002e-001	4.450748e-004	2.109680e-002
5.800000000000002e-001	4.480047e-004	2.116612e-002
6.000000000000002e-001	4.508516e-004	2.123327e-002
6.200000000000002e-001	4.536328e-004	2.129866e-002
6.400000000000002e-001	4.563615e-004	2.136262e-002
6.600000000000003e-001	4.590479e-004	2.142540e-002
6.800000000000003e-001	4.617001e-004	2.148721e-002
7.000000000000003e-001	4.643245e-004	2.154819e-002
7.200000000000003e-001	4.669259e-004	2.160847e-002
7.400000000000003e-001	4.695087e-004	2.166815e-002
7.600000000000003e-001	4.720759e-004	2.172731e-002
7.800000000000004e-001	4.746305e-004	2.178602e-002
8.000000000000004e-001	4.771746e-004	2.184433e-002
8.200000000000004e-001	4.797101e-004	2.190228e-002
8.400000000000004e-001	4.822386e-004	2.195993e-002
8.600000000000004e-001	4.847614e-004	2.201730e-002
8.800000000000005e-001	4.872798e-004	2.207441e-002
9.000000000000005e-001	4.897945e-004	2.213130e-002
9.200000000000005e-001	4.923066e-004	2.218798e-002
9.400000000000005e-001	4.948167e-004	2.224448e-002
9.600000000000005e-001	4.973254e-004	2.230079e-002
9.800000000000005e-001	4.998333e-004	2.235695e-002
1.000000000000000e+000	5.023408e-004	2.241296e-002
1.020000000000001e+000	5.048485e-004	2.246883e-002
1.040000000000001e+000	5.073565e-004	2.252458e-002
1.060000000000001e+000	5.098654e-004	2.258020e-002
1.080000000000001e+000	5.123754e-004	2.263571e-002
1.100000000000001e+000	5.148866e-004	2.269111e-002
1.120000000000001e+000	5.173995e-004	2.274642e-002
1.140000000000001e+000	5.199141e-004	2.280163e-002
1.160000000000001e+000	5.224308e-004	2.285674e-002
1.180000000000001e+000	5.249495e-004	2.291178e-002
1.200000000000001e+000	5.274705e-004	2.296673e-002
1.220000000000001e+000	5.299940e-004	2.302160e-002
1.240000000000001e+000	5.325200e-004	2.307639e-002
1.260000000000001e+000	5.350487e-004	2.313112e-002
1.280000000000001e+000	5.375801e-004	2.318577e-002
1.300000000000001e+000	5.401144e-004	2.324036e-002
1.320000000000001e+000	5.426517e-004	2.329489e-002
1.340000000000001e+000	5.451920e-004	2.334935e-002
1.360000000000001e+000	5.477354e-004	2.340375e-002
1.380000000000001e+000	5.502820e-004	2.345809e-002
1.400000000000001e+000	5.528318e-004	2.351238e-002
1.420000000000001e+000	5.553849e-004	2.356661e-002
1.440000000000001e+000	5.579413e-004	2.362078e-002
1.460000000000001e+000	5.605012e-004	2.367491e-002
1.480000000000001e+000	5.630644e-004	2.372898e-002
1.500000000000001e+000	5.656312e-004	2.378300e-002
1.520000000000001e+000	5.682015e-004	2.383698e-002
1.540000000000001e+000	5.707752e-004	2.389090e-002
1.560000000000001e+000	5.733526e-004	2.394478e-002
1.580000000000001e+000	5.759337e-004	2.399862e-002
1.600000000000001e+000	5.785183e-004	2.405241e-002
1.620000000000001e+000	5.811066e-004	2.410615e-002
1.640000000000001e+000	5.836986e-004	2.415986e-002
1.660000000000001e+000	5.862943e-004	2.421352e-002
1.680000000000001e+000	5.888938e-004	2.426713e-002
1.700000000000001e+000	5.914971e-004	2.432071e-002
1.720000000000001e+000	5.941041e-004	2.437425e-002
1.740000000000001e+000	5.967148e-004	2.442775e-002
1.760000000000001e+000	5.993295e-004	2.448121e-002
1.780000000000001e+000	6.019479e-004	2.453463e-002
1.800000000000000e+000	6.045701e-004	2.458801e-002
Step Information: Vgs=1.1  (Run: 6/20)
0.000000000000000e+000	0.000000e+000	0.000000e+000
2.000000000000000e-002	4.126981e-005	6.424158e-003
4.000000000000000e-002	8.048393e-005	8.971284e-003
6.000000000000000e-002	1.177050e-004	1.084919e-002
8.000000000000000e-002	1.529925e-004	1.236901e-002
1.000000000000000e-001	1.864026e-004	1.365293e-002
1.200000000000000e-001	2.179883e-004	1.476443e-002
1.400000000000000e-001	2.477994e-004	1.574165e-002
1.600000000000000e-001	2.758826e-004	1.660971e-002
1.800000000000000e-001	3.022808e-004	1.738622e-002
2.000000000000000e-001	3.270335e-004	1.808407e-002
2.200000000000000e-001	3.501763e-004	1.871300e-002
2.400000000000000e-001	3.717405e-004	1.928057e-002
2.600000000000000e-001	3.917528e-004	1.979275e-002
2.800000000000000e-001	4.102354e-004	2.025427e-002
3.000000000000000e-001	4.272059e-004	2.066896e-002
3.200000000000000e-001	4.426787e-004	2.103993e-002
3.400000000000000e-001	4.566683e-004	2.136980e-002
3.600000000000000e-001	4.691948e-004	2.166090e-002
3.800000000000001e-001	4.802937e-004	2.191560e-002
4.000000000000001e-001	4.900279e-004	2.213657e-002
4.200000000000001e-001	4.984971e-004	2.232705e-002
4.400000000000001e-001	5.058389e-004	2.249086e-002
4.600000000000001e-001	5.122178e-004	2.263223e-002
4.800000000000002e-001	5.178058e-004	2.275535e-002
5.000000000000001e-001	5.227642e-004	2.286404e-002
5.200000000000001e-001	5.272314e-004	2.296152e-002
5.400000000000002e-001	5.313194e-004	2.305037e-002
5.600000000000002e-001	5.351155e-004	2.313256e-002
5.800000000000002e-001	5.386863e-004	2.320962e-002
6.000000000000002e-001	5.420818e-004	2.328265e-002
6.200000000000002e-001	5.453402e-004	2.335252e-002
6.400000000000002e-001	5.484902e-004	2.341987e-002
6.600000000000003e-001	5.515537e-004	2.348518e-002
6.800000000000003e-001	5.545476e-004	2.354883e-002
7.000000000000003e-001	5.574850e-004	2.361112e-002
7.200000000000003e-001	5.603763e-004	2.367227e-002
7.400000000000003e-001	5.632298e-004	2.373246e-002
7.600000000000003e-001	5.660518e-004	2.379184e-002
7.800000000000004e-001	5.688479e-004	2.385053e-002
8.000000000000004e-001	5.716222e-004	2.390862e-002
8.200000000000004e-001	5.743783e-004	2.396619e-002
8.400000000000004e-001	5.771192e-004	2.402331e-002
8.600000000000004e-001	5.798474e-004	2.408002e-002
8.800000000000005e-001	5.825649e-004	2.413638e-002
9.000000000000005e-001	5.852734e-004	2.419243e-002
9.200000000000005e-001	5.879746e-004	2.424819e-002
9.400000000000005e-001	5.906695e-004	2.430369e-002
9.600000000000005e-001	5.933593e-004	2.435897e-002
9.800000000000005e-001	5.960451e-004	2.441404e-002
1.000000000000000e+000	5.987276e-004	2.446891e-002
1.020000000000001e+000	6.014074e-004	2.452361e-002
1.040000000000001e+000	6.040853e-004	2.457815e-002
1.060000000000001e+000	6.067618e-004	2.463254e-002
1.080000000000001e+000	6.094375e-004	2.468679e-002
1.100000000000001e+000	6.121126e-004	2.474091e-002
1.120000000000001e+000	6.147877e-004	2.479491e-002
1.140000000000001e+000	6.174630e-004	2.484880e-002
1.160000000000001e+000	6.201388e-004	2.490259e-002
1.180000000000001e+000	6.228156e-004	2.495627e-002
1.200000000000001e+000	6.254934e-004	2.500987e-002
1.220000000000001e+000	6.281725e-004	2.506337e-002
1.240000000000001e+000	6.308532e-004	2.511679e-002
1.260000000000001e+000	6.335355e-004	2.517013e-002
1.280000000000001e+000	6.362197e-004	2.522340e-002
1.300000000000001e+000	6.389059e-004	2.527659e-002
1.320000000000001e+000	6.415943e-004	2.532971e-002
1.340000000000001e+000	6.442850e-004	2.538277e-002
1.360000000000001e+000	6.469781e-004	2.543576e-002
1.380000000000001e+000	6.496736e-004	2.548870e-002
1.400000000000001e+000	6.523718e-004	2.554157e-002
1.420000000000001e+000	6.550727e-004	2.559439e-002
1.440000000000001e+000	6.577764e-004	2.564715e-002
1.460000000000001e+000	6.604829e-004	2.569986e-002
1.480000000000001e+000	6.631924e-004	2.575252e-002
1.500000000000001e+000	6.659048e-004	2.580513e-002
1.520000000000001e+000	6.686203e-004	2.585769e-002
1.540000000000001e+000	6.713389e-004	2.591021e-002
1.560000000000001e+000	6.740607e-004	2.596268e-002
1.580000000000001e+000	6.767856e-004	2.601510e-002
1.600000000000001e+000	6.795138e-004	2.606749e-002
1.620000000000001e+000	6.822454e-004	2.611983e-002
1.640000000000001e+000	6.849802e-004	2.617213e-002
1.660000000000001e+000	6.877185e-004	2.622439e-002
1.680000000000001e+000	6.904601e-004	2.627661e-002
1.700000000000001e+000	6.932053e-004	2.632879e-002
1.720000000000001e+000	6.959539e-004	2.638094e-002
1.740000000000001e+000	6.987060e-004	2.643305e-002
1.760000000000001e+000	7.014616e-004	2.648512e-002
1.780000000000001e+000	7.042208e-004	2.653716e-002
1.800000000000000e+000	7.069836e-004	2.658916e-002
Step Information: Vgs=1.2  (Run: 7/20)
0.000000000000000e+000	0.000000e+000	0.000000e+000
2.000000000000000e-002	4.439031e-005	6.662605e-003
4.000000000000000e-002	8.678305e-005	9.315742e-003
6.000000000000000e-002	1.272355e-004	1.127987e-002
8.000000000000000e-002	1.658023e-004	1.287643e-002
1.000000000000000e-001	2.025354e-004	1.423149e-002
1.200000000000000e-001	2.374840e-004	1.541052e-002
1.400000000000000e-001	2.706947e-004	1.645280e-002
1.600000000000000e-001	3.022114e-004	1.738423e-002
1.800000000000000e-001	3.320751e-004	1.822293e-002
2.000000000000000e-001	3.603242e-004	1.898221e-002
2.200000000000000e-001	3.869935e-004	1.967215e-002
2.400000000000000e-001	4.121149e-004	2.030061e-002
2.600000000000000e-001	4.357162e-004	2.087382e-002
2.800000000000000e-001	4.578213e-004	2.139676e-002
3.000000000000000e-001	4.784497e-004	2.187349e-002
3.200000000000000e-001	4.976161e-004	2.230731e-002
3.400000000000000e-001	5.153306e-004	2.270090e-002
3.600000000000000e-001	5.315999e-004	2.305645e-002
3.800000000000001e-001	5.464293e-004	2.337583e-002
4.000000000000001e-001	5.598285e-004	2.366070e-002
4.200000000000001e-001	5.718197e-004	2.391275e-002
4.400000000000001e-001	5.824477e-004	2.413395e-002
4.600000000000001e-001	5.917911e-004	2.432676e-002
4.800000000000002e-001	5.999646e-004	2.449418e-002
5.000000000000001e-001	6.071140e-004	2.463968e-002
5.200000000000001e-001	6.133997e-004	2.476691e-002
5.400000000000002e-001	6.189800e-004	2.487931e-002
5.600000000000002e-001	6.239973e-004	2.497994e-002
5.800000000000002e-001	6.285713e-004	2.507132e-002
6.000000000000002e-001	6.327984e-004	2.515548e-002
6.200000000000002e-001	6.367542e-004	2.523399e-002
6.400000000000002e-001	6.404967e-004	2.530804e-002
6.600000000000003e-001	6.440709e-004	2.537855e-002
6.800000000000003e-001	6.475109e-004	2.544623e-002
7.000000000000003e-001	6.508432e-004	2.551163e-002
7.200000000000003e-001	6.540883e-004	2.557515e-002
7.400000000000003e-001	6.572625e-004	2.563713e-002
7.600000000000003e-001	6.603781e-004	2.569782e-002
7.800000000000004e-001	6.634456e-004	2.575744e-002
8.000000000000004e-001	6.664728e-004	2.581614e-002
8.200000000000004e-001	6.694664e-004	2.587405e-002
8.400000000000004e-001	6.724318e-004	2.593129e-002
8.600000000000004e-001	6.753734e-004	2.598795e-002
8.800000000000005e-001	6.782949e-004	2.604409e-002
9.000000000000005e-001	6.811992e-004	2.609979e-002
9.200000000000005e-001	6.840891e-004	2.615510e-002
9.400000000000005e-001	6.869668e-004	2.621005e-002
9.600000000000005e-001	6.898339e-004	2.626469e-002
9.800000000000005e-001	6.926922e-004	2.631905e-002
1.000000000000000e+000	6.955431e-004	2.637315e-002
1.020000000000001e+000	6.983877e-004	2.642703e-002
1.040000000000001e+000	7.012270e-004	2.648069e-002
1.060000000000001e+000	7.040619e-004	2.653417e-002
1.080000000000001e+000	7.068933e-004	2.658747e-002
1.100000000000001e+000	7.097218e-004	2.664060e-002
1.120000000000001e+000	7.125481e-004	2.669360e-002
1.140000000000001e+000	7.153726e-004	2.674645e-002
1.160000000000001e+000	7.181959e-004	2.679918e-002
1.180000000000001e+000	7.210185e-004	2.685179e-002
1.200000000000001e+000	7.238406e-004	2.690429e-002
1.220000000000001e+000	7.266626e-004	2.695668e-002
1.240000000000001e+000	7.294849e-004	2.700898e-002
1.260000000000001e+000	7.323077e-004	2.706118e-002
1.280000000000001e+000	7.351313e-004	2.711331e-002
1.300000000000001e+000	7.379560e-004	2.716534e-002
1.320000000000001e+000	7.407818e-004	2.721731e-002
1.340000000000001e+000	7.436091e-004	2.726920e-002
1.360000000000001e+000	7.464379e-004	2.732102e-002
1.380000000000001e+000	7.492686e-004	2.737277e-002
1.400000000000001e+000	7.521011e-004	2.742446e-002
1.420000000000001e+000	7.549356e-004	2.747609e-002
1.440000000000001e+000	7.577724e-004	2.752767e-002
1.460000000000001e+000	7.606113e-004	2.757918e-002
1.480000000000001e+000	7.634527e-004	2.763065e-002
1.500000000000001e+000	7.662965e-004	2.768206e-002
1.520000000000001e+000	7.691429e-004	2.773343e-002
1.540000000000001e+000	7.719920e-004	2.778474e-002
1.560000000000001e+000	7.748437e-004	2.783602e-002
1.580000000000001e+000	7.776984e-004	2.788724e-002
1.600000000000001e+000	7.805558e-004	2.793843e-002
1.620000000000001e+000	7.834162e-004	2.798957e-002
1.640000000000001e+000	7.862796e-004	2.804068e-002
1.660000000000001e+000	7.891460e-004	2.809174e-002
1.680000000000001e+000	7.920155e-004	2.814277e-002
1.700000000000001e+000	7.948882e-004	2.819376e-002
1.720000000000001e+000	7.977640e-004	2.824472e-002
1.740000000000001e+000	8.006431e-004	2.829564e-002
1.760000000000001e+000	8.035255e-004	2.834653e-002
1.780000000000001e+000	8.064111e-004	2.839738e-002
1.800000000000000e+000	8.093002e-004	2.844820e-002
Step Information: Vgs=1.3  (Run: 8/20)
0.000000000000000e+000	0.000000e+000	0.000000e+000
2.000000000000000e-002	4.705294e-005	6.859515e-003
4.000000000000000e-002	9.217420e-005	9.600740e-003
6.000000000000000e-002	1.354160e-004	1.163684e-002
8.000000000000000e-002	1.768283e-004	1.329768e-002
1.000000000000000e-001	2.164587e-004	1.471254e-002
1.200000000000000e-001	2.543528e-004	1.594844e-002
1.400000000000000e-001	2.905538e-004	1.704564e-002
1.600000000000000e-001	3.251027e-004	1.803060e-002
1.800000000000000e-001	3.580383e-004	1.892190e-002
2.000000000000000e-001	3.893969e-004	1.973314e-002
2.200000000000000e-001	4.192126e-004	2.047468e-002
2.400000000000000e-001	4.475165e-004	2.115459e-002
2.600000000000000e-001	4.743371e-004	2.177928e-002
2.800000000000000e-001	4.996994e-004	2.235396e-002
3.000000000000000e-001	5.236252e-004	2.288286e-002
3.200000000000000e-001	5.461322e-004	2.336947e-002
3.400000000000000e-001	5.672337e-004	2.381667e-002
3.600000000000000e-001	5.869382e-004	2.422681e-002
3.800000000000001e-001	6.052501e-004	2.460183e-002
4.000000000000001e-001	6.221694e-004	2.494332e-002
4.200000000000001e-001	6.376948e-004	2.525262e-002
4.400000000000001e-001	6.518277e-004	2.553092e-002
4.600000000000001e-001	6.645796e-004	2.577944e-002
4.800000000000002e-001	6.759818e-004	2.599965e-002
5.000000000000001e-001	6.860950e-004	2.619342e-002
5.200000000000001e-001	6.950148e-004	2.636313e-002
5.400000000000002e-001	7.028682e-004	2.651166e-002
5.600000000000002e-001	7.098027e-004	2.664212e-002
5.800000000000002e-001	7.159701e-004	2.675762e-002
6.000000000000002e-001	7.215123e-004	2.686098e-002
6.200000000000002e-001	7.265536e-004	2.695466e-002
6.400000000000002e-001	7.311970e-004	2.704065e-002
6.600000000000003e-001	7.355252e-004	2.712057e-002
6.800000000000003e-001	7.396032e-004	2.719565e-002
7.000000000000003e-001	7.434820e-004	2.726687e-002
7.200000000000003e-001	7.472010e-004	2.733498e-002
7.400000000000003e-001	7.507910e-004	2.740057e-002
7.600000000000003e-001	7.542760e-004	2.746409e-002
7.800000000000004e-001	7.576750e-004	2.752590e-002
8.000000000000004e-001	7.610031e-004	2.758628e-002
8.200000000000004e-001	7.642722e-004	2.764547e-002
8.400000000000004e-001	7.674920e-004	2.770365e-002
8.600000000000004e-001	7.706705e-004	2.776095e-002
8.800000000000005e-001	7.738140e-004	2.781751e-002
9.000000000000005e-001	7.769280e-004	2.787343e-002
9.200000000000005e-001	7.800168e-004	2.792878e-002
9.400000000000005e-001	7.830840e-004	2.798364e-002
9.600000000000005e-001	7.861329e-004	2.803806e-002
9.800000000000005e-001	7.891660e-004	2.809210e-002
1.000000000000000e+000	7.921856e-004	2.814579e-002
1.020000000000001e+000	7.951936e-004	2.819918e-002
1.040000000000001e+000	7.981918e-004	2.825229e-002
1.060000000000001e+000	8.011814e-004	2.830515e-002
1.080000000000001e+000	8.041637e-004	2.835778e-002
1.100000000000001e+000	8.071400e-004	2.841021e-002
1.120000000000001e+000	8.101111e-004	2.846245e-002
1.140000000000001e+000	8.130777e-004	2.851452e-002
1.160000000000001e+000	8.160408e-004	2.856643e-002
1.180000000000001e+000	8.190010e-004	2.861819e-002
1.200000000000001e+000	8.219588e-004	2.866982e-002
1.220000000000001e+000	8.249147e-004	2.872133e-002
1.240000000000001e+000	8.278692e-004	2.877272e-002
1.260000000000001e+000	8.308229e-004	2.882400e-002
1.280000000000001e+000	8.337758e-004	2.887518e-002
1.300000000000001e+000	8.367287e-004	2.892626e-002
1.320000000000001e+000	8.396815e-004	2.897726e-002
1.340000000000001e+000	8.426348e-004	2.902817e-002
1.360000000000001e+000	8.455886e-004	2.907901e-002
1.380000000000001e+000	8.485432e-004	2.912977e-002
1.400000000000001e+000	8.514990e-004	2.918046e-002
1.420000000000001e+000	8.544560e-004	2.923108e-002
1.440000000000001e+000	8.574144e-004	2.928164e-002
1.460000000000001e+000	8.603744e-004	2.933214e-002
1.480000000000001e+000	8.633361e-004	2.938258e-002
1.500000000000001e+000	8.662998e-004	2.943297e-002
1.520000000000001e+000	8.692655e-004	2.948331e-002
1.540000000000001e+000	8.722332e-004	2.953360e-002
1.560000000000001e+000	8.752033e-004	2.958383e-002
1.580000000000001e+000	8.781757e-004	2.963403e-002
1.600000000000001e+000	8.811505e-004	2.968418e-002
1.620000000000001e+000	8.841278e-004	2.973429e-002
1.640000000000001e+000	8.871077e-004	2.978435e-002
1.660000000000001e+000	8.900904e-004	2.983438e-002
1.680000000000001e+000	8.930758e-004	2.988437e-002
1.700000000000001e+000	8.960640e-004	2.993433e-002
1.720000000000001e+000	8.990552e-004	2.998425e-002
1.740000000000001e+000	9.020492e-004	3.003413e-002
1.760000000000001e+000	9.050463e-004	3.008399e-002
1.780000000000001e+000	9.080464e-004	3.013381e-002
1.800000000000000e+000	9.110497e-004	3.018360e-002
Step Information: Vgs=1.4  (Run: 9/20)
0.000000000000000e+000	0.000000e+000	0.000000e+000
2.000000000000000e-002	4.932186e-005	7.022953e-003
4.000000000000000e-002	9.678225e-005	9.837797e-003
6.000000000000000e-002	1.424286e-004	1.193435e-002
8.000000000000000e-002	1.863065e-004	1.364941e-002
1.000000000000000e-001	2.284595e-004	1.511488e-002
1.200000000000000e-001	2.689295e-004	1.639907e-002
1.400000000000000e-001	3.077564e-004	1.754299e-002
1.600000000000000e-001	3.449784e-004	1.857359e-002
1.800000000000000e-001	3.806316e-004	1.950978e-002
2.000000000000000e-001	4.147504e-004	2.036542e-002
2.200000000000000e-001	4.473671e-004	2.115105e-002
2.400000000000000e-001	4.785120e-004	2.187492e-002
2.600000000000000e-001	5.082129e-004	2.254358e-002
2.800000000000000e-001	5.364954e-004	2.316237e-002
3.000000000000000e-001	5.633824e-004	2.373568e-002
3.200000000000000e-001	5.888937e-004	2.426713e-002
3.400000000000000e-001	6.130455e-004	2.475976e-002
3.600000000000000e-001	6.358507e-004	2.521608e-002
3.800000000000001e-001	6.573173e-004	2.563820e-002
4.000000000000001e-001	6.774493e-004	2.602786e-002
4.200000000000001e-001	6.962458e-004	2.638647e-002
4.400000000000001e-001	7.137019e-004	2.671520e-002
4.600000000000001e-001	7.298110e-004	2.701501e-002
4.800000000000002e-001	7.445680e-004	2.728677e-002
5.000000000000001e-001	7.579762e-004	2.753137e-002
5.200000000000001e-001	7.700558e-004	2.774988e-002
5.400000000000002e-001	7.808530e-004	2.794375e-002
5.600000000000002e-001	7.904464e-004	2.811488e-002
5.800000000000002e-001	7.989459e-004	2.826563e-002
6.000000000000002e-001	8.064851e-004	2.839868e-002
6.200000000000002e-001	8.132069e-004	2.851678e-002
6.400000000000002e-001	8.192505e-004	2.862255e-002
6.600000000000003e-001	8.247417e-004	2.871832e-002
6.800000000000003e-001	8.297878e-004	2.880604e-002
7.000000000000003e-001	8.344771e-004	2.888732e-002
7.200000000000003e-001	8.388805e-004	2.896343e-002
7.400000000000003e-001	8.430544e-004	2.903540e-002
7.600000000000003e-001	8.470431e-004	2.910400e-002
7.800000000000004e-001	8.508813e-004	2.916987e-002
8.000000000000004e-001	8.545965e-004	2.923348e-002
8.200000000000004e-001	8.582107e-004	2.929523e-002
8.400000000000004e-001	8.617410e-004	2.935543e-002
8.600000000000004e-001	8.652016e-004	2.941431e-002
8.800000000000005e-001	8.686036e-004	2.947208e-002
9.000000000000005e-001	8.719563e-004	2.952891e-002
9.200000000000005e-001	8.752671e-004	2.958491e-002
9.400000000000005e-001	8.785425e-004	2.964022e-002
9.600000000000005e-001	8.817874e-004	2.969491e-002
9.800000000000005e-001	8.850063e-004	2.974905e-002
1.000000000000000e+000	8.882027e-004	2.980273e-002
1.020000000000001e+000	8.913800e-004	2.985599e-002
1.040000000000001e+000	8.945406e-004	2.990887e-002
1.060000000000001e+000	8.976868e-004	2.996142e-002
1.080000000000001e+000	9.008205e-004	3.001367e-002
1.100000000000001e+000	9.039436e-004	3.006566e-002
1.120000000000001e+000	9.070574e-004	3.011739e-002
1.140000000000001e+000	9.101633e-004	3.016891e-002
1.160000000000001e+000	9.132623e-004	3.022023e-002
1.180000000000001e+000	9.163554e-004	3.027136e-002
1.200000000000001e+000	9.194436e-004	3.032233e-002
1.220000000000001e+000	9.225275e-004	3.037314e-002
1.240000000000001e+000	9.256080e-004	3.042381e-002
1.260000000000001e+000	9.286855e-004	3.047434e-002
1.280000000000001e+000	9.317608e-004	3.052476e-002
1.300000000000001e+000	9.348342e-004	3.057506e-002
1.320000000000001e+000	9.379062e-004	3.062525e-002
1.340000000000001e+000	9.409772e-004	3.067535e-002
1.360000000000001e+000	9.440476e-004	3.072536e-002
1.380000000000001e+000	9.471176e-004	3.077528e-002
1.400000000000001e+000	9.501877e-004	3.082512e-002
1.420000000000001e+000	9.532581e-004	3.087488e-002
1.440000000000001e+000	9.563291e-004	3.092457e-002
1.460000000000001e+000	9.594007e-004	3.097419e-002
1.480000000000001e+000	9.624734e-004	3.102376e-002
1.500000000000001e+000	9.655472e-004	3.107326e-002
1.520000000000001e+000	9.686224e-004	3.112270e-002
1.540000000000001e+000	9.716991e-004	3.117209e-002
1.560000000000001e+000	9.747774e-004	3.122143e-002
1.580000000000001e+000	9.778576e-004	3.127072e-002
1.600000000000001e+000	9.809397e-004	3.131996e-002
1.620000000000001e+000	9.840239e-004	3.136916e-002
1.640000000000001e+000	9.871102e-004	3.141831e-002
1.660000000000001e+000	9.901988e-004	3.146742e-002
1.680000000000001e+000	9.932898e-004	3.151650e-002
1.700000000000001e+000	9.963831e-004	3.156554e-002
1.720000000000001e+000	9.994792e-004	3.161454e-002
1.740000000000001e+000	1.002578e-003	3.166351e-002
1.760000000000001e+000	1.005679e-003	3.171244e-002
1.780000000000001e+000	1.008783e-003	3.176135e-002
1.800000000000000e+000	1.011890e-003	3.181022e-002
Step Information: Vgs=1.5  (Run: 10/20)
0.000000000000000e+000	0.000000e+000	0.000000e+000
2.000000000000000e-002	5.125130e-005	7.159001e-003
4.000000000000000e-002	1.007132e-004	1.003560e-002
6.000000000000000e-002	1.484289e-004	1.218314e-002
8.000000000000000e-002	1.944397e-004	1.394416e-002
1.000000000000000e-001	2.387856e-004	1.545269e-002
1.200000000000000e-001	2.815048e-004	1.677810e-002
1.400000000000000e-001	3.226341e-004	1.796202e-002
1.600000000000000e-001	3.622087e-004	1.903178e-002
1.800000000000000e-001	4.002623e-004	2.000656e-002
2.000000000000000e-001	4.368271e-004	2.090041e-002
2.200000000000000e-001	4.719334e-004	2.172403e-002
2.400000000000000e-001	5.056101e-004	2.248578e-002
2.600000000000000e-001	5.378842e-004	2.319233e-002
2.800000000000000e-001	5.687808e-004	2.384913e-002
3.000000000000000e-001	5.983230e-004	2.446064e-002
3.200000000000000e-001	6.265315e-004	2.503061e-002
3.400000000000000e-001	6.534245e-004	2.556217e-002
3.600000000000000e-001	6.790174e-004	2.605796e-002
3.800000000000001e-001	7.033222e-004	2.652022e-002
4.000000000000001e-001	7.263474e-004	2.695083e-002
4.200000000000001e-001	7.480971e-004	2.735136e-002
4.400000000000001e-001	7.685712e-004	2.772312e-002
4.600000000000001e-001	7.877648e-004	2.806715e-002
4.800000000000002e-001	8.056695e-004	2.838432e-002
5.000000000000001e-001	8.222740e-004	2.867532e-002
5.200000000000001e-001	8.375685e-004	2.894078e-002
5.400000000000002e-001	8.515497e-004	2.918133e-002
5.600000000000002e-001	8.642287e-004	2.939777e-002
5.800000000000002e-001	8.756395e-004	2.959121e-002
6.000000000000002e-001	8.858459e-004	2.976316e-002
6.200000000000002e-001	8.949421e-004	2.991558e-002
6.400000000000002e-001	9.030476e-004	3.005075e-002
6.600000000000003e-001	9.102953e-004	3.017110e-002
6.800000000000003e-001	9.168194e-004	3.027903e-002
7.000000000000003e-001	9.227450e-004	3.037672e-002
7.200000000000003e-001	9.281819e-004	3.046608e-002
7.400000000000003e-001	9.332226e-004	3.054869e-002
7.600000000000003e-001	9.379429e-004	3.062585e-002
7.800000000000004e-001	9.424040e-004	3.069860e-002
8.000000000000004e-001	9.466545e-004	3.076775e-002
8.200000000000004e-001	9.507331e-004	3.083396e-002
8.400000000000004e-001	9.546706e-004	3.089774e-002
8.600000000000004e-001	9.584917e-004	3.095952e-002
8.800000000000005e-001	9.622159e-004	3.101961e-002
9.000000000000005e-001	9.658593e-004	3.107828e-002
9.200000000000005e-001	9.694346e-004	3.113575e-002
9.400000000000005e-001	9.729525e-004	3.119219e-002
9.600000000000005e-001	9.764214e-004	3.124774e-002
9.800000000000005e-001	9.798487e-004	3.130253e-002
1.000000000000000e+000	9.832402e-004	3.135666e-002
1.020000000000001e+000	9.866011e-004	3.141021e-002
1.040000000000001e+000	9.899355e-004	3.146324e-002
1.060000000000001e+000	9.932469e-004	3.151582e-002
1.080000000000001e+000	9.965384e-004	3.156800e-002
1.100000000000001e+000	9.998129e-004	3.161982e-002
1.120000000000001e+000	1.003072e-003	3.167131e-002
1.140000000000001e+000	1.006318e-003	3.172252e-002
1.160000000000001e+000	1.009554e-003	3.177347e-002
1.180000000000001e+000	1.012779e-003	3.182419e-002
1.200000000000001e+000	1.015996e-003	3.187468e-002
1.220000000000001e+000	1.019205e-003	3.192499e-002
1.240000000000001e+000	1.022408e-003	3.197511e-002
1.260000000000001e+000	1.025605e-003	3.202507e-002
1.280000000000001e+000	1.028798e-003	3.207488e-002
1.300000000000001e+000	1.031987e-003	3.212455e-002
1.320000000000001e+000	1.035172e-003	3.217409e-002
1.340000000000001e+000	1.038355e-003	3.222352e-002
1.360000000000001e+000	1.041536e-003	3.227283e-002
1.380000000000001e+000	1.044715e-003	3.232204e-002
1.400000000000001e+000	1.047892e-003	3.237116e-002
1.420000000000001e+000	1.051069e-003	3.242019e-002
1.440000000000001e+000	1.054245e-003	3.246913e-002
1.460000000000001e+000	1.057420e-003	3.251800e-002
1.480000000000001e+000	1.060596e-003	3.256679e-002
1.500000000000001e+000	1.063772e-003	3.261552e-002
1.520000000000001e+000	1.066949e-003	3.266418e-002
1.540000000000001e+000	1.070126e-003	3.271278e-002
1.560000000000001e+000	1.073304e-003	3.276132e-002
1.580000000000001e+000	1.076484e-003	3.280981e-002
1.600000000000001e+000	1.079664e-003	3.285824e-002
1.620000000000001e+000	1.082846e-003	3.290663e-002
1.640000000000001e+000	1.086030e-003	3.295497e-002
1.660000000000001e+000	1.089216e-003	3.300327e-002
1.680000000000001e+000	1.092403e-003	3.305153e-002
1.700000000000001e+000	1.095593e-003	3.309974e-002
1.720000000000001e+000	1.098785e-003	3.314792e-002
1.740000000000001e+000	1.101978e-003	3.319606e-002
1.760000000000001e+000	1.105175e-003	3.324417e-002
1.780000000000001e+000	1.108374e-003	3.329224e-002
1.800000000000000e+000	1.111575e-003	3.334029e-002
Step Information: Vgs=1.6  (Run: 11/20)
0.000000000000000e+000	0.000000e+000	0.000000e+000
2.000000000000000e-002	5.288723e-005	7.272360e-003
4.000000000000000e-002	1.040575e-004	1.020086e-002
6.000000000000000e-002	1.535499e-004	1.239153e-002
8.000000000000000e-002	2.014021e-004	1.419162e-002
1.000000000000000e-001	2.476505e-004	1.573692e-002
1.200000000000000e-001	2.923301e-004	1.709766e-002
1.400000000000000e-001	3.354747e-004	1.831597e-002
1.600000000000000e-001	3.771166e-004	1.941949e-002
1.800000000000000e-001	4.172872e-004	2.042761e-002
2.000000000000000e-001	4.560161e-004	2.135453e-002
2.200000000000000e-001	4.933320e-004	2.221108e-002
2.400000000000000e-001	5.292621e-004	2.300570e-002
2.600000000000000e-001	5.638319e-004	2.374515e-002
2.800000000000000e-001	5.970659e-004	2.443493e-002
3.000000000000000e-001	6.289865e-004	2.507960e-002
3.200000000000000e-001	6.596147e-004	2.568297e-002
3.400000000000000e-001	6.889694e-004	2.624823e-002
3.600000000000000e-001	7.170675e-004	2.677812e-002
3.800000000000001e-001	7.439233e-004	2.727496e-002
4.000000000000001e-001	7.695485e-004	2.774074e-002
4.200000000000001e-001	7.939514e-004	2.817714e-002
4.400000000000001e-001	8.171372e-004	2.858561e-002
4.600000000000001e-001	8.391069e-004	2.896734e-002
4.800000000000002e-001	8.598568e-004	2.932332e-002
5.000000000000001e-001	8.793795e-004	2.965433e-002
5.200000000000001e-001	8.976629e-004	2.996102e-002
5.400000000000002e-001	9.146931e-004	3.024389e-002
5.600000000000002e-001	9.304561e-004	3.050338e-002
5.800000000000002e-001	9.449433e-004	3.073993e-002
6.000000000000002e-001	9.581585e-004	3.095414e-002
6.200000000000002e-001	9.701254e-004	3.114684e-002
6.400000000000002e-001	9.808947e-004	3.131924e-002
6.600000000000003e-001	9.905461e-004	3.147294e-002
6.800000000000003e-001	9.991853e-004	3.160989e-002
7.000000000000003e-001	1.006934e-003	3.173223e-002
7.200000000000003e-001	1.013921e-003	3.184213e-002
7.400000000000003e-001	1.020268e-003	3.194164e-002
7.600000000000003e-001	1.026086e-003	3.203258e-002
7.800000000000004e-001	1.031470e-003	3.211651e-002
8.000000000000004e-001	1.036501e-003	3.219473e-002
8.200000000000004e-001	1.041243e-003	3.226829e-002
8.400000000000004e-001	1.045749e-003	3.233804e-002
8.600000000000004e-001	1.050062e-003	3.240465e-002
8.800000000000005e-001	1.054215e-003	3.246868e-002
9.000000000000005e-001	1.058236e-003	3.253054e-002
9.200000000000005e-001	1.062147e-003	3.259060e-002
9.400000000000005e-001	1.065966e-003	3.264914e-002
9.600000000000005e-001	1.069707e-003	3.270638e-002
9.800000000000005e-001	1.073382e-003	3.276252e-002
1.000000000000000e+000	1.077002e-003	3.281770e-002
1.020000000000001e+000	1.080573e-003	3.287206e-002
1.040000000000001e+000	1.084103e-003	3.292571e-002
1.060000000000001e+000	1.087597e-003	3.297873e-002
1.080000000000001e+000	1.091060e-003	3.303120e-002
1.100000000000001e+000	1.094497e-003	3.308319e-002
1.120000000000001e+000	1.097911e-003	3.313474e-002
1.140000000000001e+000	1.101305e-003	3.318591e-002
1.160000000000001e+000	1.104681e-003	3.323674e-002
1.180000000000001e+000	1.108041e-003	3.328726e-002
1.200000000000001e+000	1.111389e-003	3.333750e-002
1.220000000000001e+000	1.114724e-003	3.338749e-002
1.240000000000001e+000	1.118049e-003	3.343725e-002
1.260000000000001e+000	1.121366e-003	3.348680e-002
1.280000000000001e+000	1.124674e-003	3.353616e-002
1.300000000000001e+000	1.127976e-003	3.358535e-002
1.320000000000001e+000	1.131272e-003	3.363438e-002
1.340000000000001e+000	1.134562e-003	3.368327e-002
1.360000000000001e+000	1.137849e-003	3.373202e-002
1.380000000000001e+000	1.141132e-003	3.378064e-002
1.400000000000001e+000	1.144412e-003	3.382915e-002
1.420000000000001e+000	1.147689e-003	3.387756e-002
1.440000000000001e+000	1.150964e-003	3.392586e-002
1.460000000000001e+000	1.154238e-003	3.397408e-002
1.480000000000001e+000	1.157510e-003	3.402220e-002
1.500000000000001e+000	1.160782e-003	3.407025e-002
1.520000000000001e+000	1.164053e-003	3.411822e-002
1.540000000000001e+000	1.167324e-003	3.416612e-002
1.560000000000001e+000	1.170595e-003	3.421395e-002
1.580000000000001e+000	1.173866e-003	3.426173e-002
1.600000000000001e+000	1.177138e-003	3.430944e-002
1.620000000000001e+000	1.180410e-003	3.435710e-002
1.640000000000001e+000	1.183684e-003	3.440471e-002
1.660000000000001e+000	1.186959e-003	3.445227e-002
1.680000000000001e+000	1.190235e-003	3.449978e-002
1.700000000000001e+000	1.193512e-003	3.454725e-002
1.720000000000001e+000	1.196792e-003	3.459468e-002
1.740000000000001e+000	1.200073e-003	3.464207e-002
1.760000000000001e+000	1.203356e-003	3.468942e-002
1.780000000000001e+000	1.206641e-003	3.473673e-002
1.800000000000000e+000	1.209928e-003	3.478402e-002
Step Information: Vgs=1.7  (Run: 12/20)
0.000000000000000e+000	0.000000e+000	0.000000e+000
2.000000000000000e-002	5.426875e-005	7.366733e-003
4.000000000000000e-002	1.068921e-004	1.033887e-002
6.000000000000000e-002	1.579056e-004	1.256605e-002
8.000000000000000e-002	2.073434e-004	1.439942e-002
1.000000000000000e-001	2.552386e-004	1.597619e-002
1.200000000000000e-001	3.016233e-004	1.736730e-002
1.400000000000000e-001	3.465283e-004	1.861527e-002
1.600000000000000e-001	3.899836e-004	1.974800e-002
1.800000000000000e-001	4.320178e-004	2.078504e-002
2.000000000000000e-001	4.726587e-004	2.174072e-002
2.200000000000000e-001	5.119328e-004	2.262593e-002
2.400000000000000e-001	5.498654e-004	2.344921e-002
2.600000000000000e-001	5.864810e-004	2.421737e-002
2.800000000000000e-001	6.218025e-004	2.493597e-002
3.000000000000000e-001	6.558518e-004	2.560960e-002
3.200000000000000e-001	6.886492e-004	2.624213e-002
3.400000000000000e-001	7.202139e-004	2.683680e-002
3.600000000000000e-001	7.505630e-004	2.739640e-002
3.800000000000001e-001	7.797122e-004	2.792333e-002
4.000000000000001e-001	8.076749e-004	2.841962e-002
4.200000000000001e-001	8.344625e-004	2.888706e-002
4.400000000000001e-001	8.600833e-004	2.932718e-002
4.600000000000001e-001	8.845432e-004	2.974127e-002
4.800000000000002e-001	9.078442e-004	3.013045e-002
5.000000000000001e-001	9.299847e-004	3.049565e-002
5.200000000000001e-001	9.509588e-004	3.083762e-002
5.400000000000002e-001	9.707564e-004	3.115696e-002
5.600000000000002e-001	9.893635e-004	3.145415e-002
5.800000000000002e-001	1.006764e-003	3.172954e-002
6.000000000000002e-001	1.022939e-003	3.198342e-002
6.200000000000002e-001	1.037879e-003	3.221612e-002
6.400000000000002e-001	1.051579e-003	3.242805e-002
6.600000000000003e-001	1.064055e-003	3.261985e-002
6.800000000000003e-001	1.075345e-003	3.279245e-002
7.000000000000003e-001	1.085517e-003	3.294718e-002
7.200000000000003e-001	1.094662e-003	3.308568e-002
7.400000000000003e-001	1.102892e-003	3.320982e-002
7.600000000000003e-001	1.110327e-003	3.332157e-002
7.800000000000004e-001	1.117085e-003	3.342282e-002
8.000000000000004e-001	1.123276e-003	3.351531e-002
8.200000000000004e-001	1.128998e-003	3.360057e-002
8.400000000000004e-001	1.134334e-003	3.367987e-002
8.600000000000004e-001	1.139352e-003	3.375429e-002
8.800000000000005e-001	1.144109e-003	3.382469e-002
9.000000000000005e-001	1.148652e-003	3.389176e-002
9.200000000000005e-001	1.153016e-003	3.395608e-002
9.400000000000005e-001	1.157232e-003	3.401811e-002
9.600000000000005e-001	1.161324e-003	3.407821e-002
9.800000000000005e-001	1.165312e-003	3.413667e-002
1.000000000000000e+000	1.169213e-003	3.419375e-002
1.020000000000001e+000	1.173039e-003	3.424965e-002
1.040000000000001e+000	1.176801e-003	3.430454e-002
1.060000000000001e+000	1.180509e-003	3.435854e-002
1.080000000000001e+000	1.184170e-003	3.441177e-002
1.100000000000001e+000	1.187790e-003	3.446433e-002
1.120000000000001e+000	1.191376e-003	3.451631e-002
1.140000000000001e+000	1.194930e-003	3.456777e-002
1.160000000000001e+000	1.198458e-003	3.461876e-002
1.180000000000001e+000	1.201964e-003	3.466935e-002
1.200000000000001e+000	1.205448e-003	3.471956e-002
1.220000000000001e+000	1.208915e-003	3.476945e-002
1.240000000000001e+000	1.212366e-003	3.481905e-002
1.260000000000001e+000	1.215804e-003	3.486837e-002
1.280000000000001e+000	1.219229e-003	3.491746e-002
1.300000000000001e+000	1.222644e-003	3.496632e-002
1.320000000000001e+000	1.226049e-003	3.501499e-002
1.340000000000001e+000	1.229447e-003	3.506347e-002
1.360000000000001e+000	1.232837e-003	3.511178e-002
1.380000000000001e+000	1.236222e-003	3.515994e-002
1.400000000000001e+000	1.239600e-003	3.520796e-002
1.420000000000001e+000	1.242975e-003	3.525585e-002
1.440000000000001e+000	1.246345e-003	3.530362e-002
1.460000000000001e+000	1.249712e-003	3.535127e-002
1.480000000000001e+000	1.253077e-003	3.539883e-002
1.500000000000001e+000	1.256439e-003	3.544628e-002
1.520000000000001e+000	1.259799e-003	3.549365e-002
1.540000000000001e+000	1.263158e-003	3.554093e-002
1.560000000000001e+000	1.266516e-003	3.558814e-002
1.580000000000001e+000	1.269873e-003	3.563527e-002
1.600000000000001e+000	1.273229e-003	3.568234e-002
1.620000000000001e+000	1.276586e-003	3.572934e-002
1.640000000000001e+000	1.279942e-003	3.577628e-002
1.660000000000001e+000	1.283300e-003	3.582317e-002
1.680000000000001e+000	1.286657e-003	3.587001e-002
1.700000000000001e+000	1.290016e-003	3.591679e-002
1.720000000000001e+000	1.293375e-003	3.596353e-002
1.740000000000001e+000	1.296736e-003	3.601022e-002
1.760000000000001e+000	1.300098e-003	3.605688e-002
1.780000000000001e+000	1.303462e-003	3.610349e-002
1.800000000000000e+000	1.306827e-003	3.615007e-002
Step Information: Vgs=1.8  (Run: 13/20)
0.000000000000000e+000	0.000000e+000	0.000000e+000
2.000000000000000e-002	5.542927e-005	7.445083e-003
4.000000000000000e-002	1.092832e-004	1.045386e-002
6.000000000000000e-002	1.615938e-004	1.271195e-002
8.000000000000000e-002	2.123923e-004	1.457369e-002
1.000000000000000e-001	2.617089e-004	1.617742e-002
1.200000000000000e-001	3.095727e-004	1.759468e-002
1.400000000000000e-001	3.560122e-004	1.886828e-002
1.600000000000000e-001	4.010546e-004	2.002635e-002
1.800000000000000e-001	4.447265e-004	2.108854e-002
2.000000000000000e-001	4.870533e-004	2.206928e-002
2.200000000000000e-001	5.280598e-004	2.297955e-002
2.400000000000000e-001	5.677697e-004	2.382792e-002
2.600000000000000e-001	6.062057e-004	2.462124e-002
2.800000000000000e-001	6.433895e-004	2.536512e-002
3.000000000000000e-001	6.793419e-004	2.606419e-002
3.200000000000000e-001	7.140826e-004	2.672232e-002
3.400000000000000e-001	7.476300e-004	2.734282e-002
3.600000000000000e-001	7.800015e-004	2.792851e-002
3.800000000000001e-001	8.112130e-004	2.848180e-002
4.000000000000001e-001	8.412788e-004	2.900481e-002
4.200000000000001e-001	8.702116e-004	2.949935e-002
4.400000000000001e-001	8.980223e-004	2.996702e-002
4.600000000000001e-001	9.247194e-004	3.040920e-002
4.800000000000002e-001	9.503090e-004	3.082708e-002
5.000000000000001e-001	9.747944e-004	3.122170e-002
5.200000000000001e-001	9.981755e-004	3.159392e-002
5.400000000000002e-001	1.020449e-003	3.194446e-002
5.600000000000002e-001	1.041606e-003	3.227392e-002
5.800000000000002e-001	1.061636e-003	3.258275e-002
6.000000000000002e-001	1.080522e-003	3.287130e-002
6.200000000000002e-001	1.098247e-003	3.313981e-002
6.400000000000002e-001	1.114791e-003	3.338848e-002
6.600000000000003e-001	1.130138e-003	3.361752e-002
6.800000000000003e-001	1.144280e-003	3.382721e-002
7.000000000000003e-001	1.157226e-003	3.401803e-002
7.200000000000003e-001	1.169003e-003	3.419069e-002
7.400000000000003e-001	1.179667e-003	3.434628e-002
7.600000000000003e-001	1.189296e-003	3.448617e-002
7.800000000000004e-001	1.197990e-003	3.461199e-002
8.000000000000004e-001	1.205860e-003	3.472550e-002
8.200000000000004e-001	1.213021e-003	3.482845e-002
8.400000000000004e-001	1.219580e-003	3.492248e-002
8.600000000000004e-001	1.225636e-003	3.500908e-002
8.800000000000005e-001	1.231274e-003	3.508951e-002
9.000000000000005e-001	1.236566e-003	3.516483e-002
9.200000000000005e-001	1.241571e-003	3.523594e-002
9.400000000000005e-001	1.246339e-003	3.530353e-002
9.600000000000005e-001	1.250911e-003	3.536822e-002
9.800000000000005e-001	1.255318e-003	3.543046e-002
1.000000000000000e+000	1.259587e-003	3.549066e-002
1.020000000000001e+000	1.263740e-003	3.554911e-002
1.040000000000001e+000	1.267794e-003	3.560610e-002
1.060000000000001e+000	1.271765e-003	3.566182e-002
1.080000000000001e+000	1.275665e-003	3.571645e-002
1.100000000000001e+000	1.279504e-003	3.577015e-002
1.120000000000001e+000	1.283289e-003	3.582303e-002
1.140000000000001e+000	1.287029e-003	3.587519e-002
1.160000000000001e+000	1.290729e-003	3.592672e-002
1.180000000000001e+000	1.294395e-003	3.597770e-002
1.200000000000001e+000	1.298031e-003	3.602819e-002
1.220000000000001e+000	1.301640e-003	3.607824e-002
1.240000000000001e+000	1.305226e-003	3.612791e-002
1.260000000000001e+000	1.308791e-003	3.617722e-002
1.280000000000001e+000	1.312339e-003	3.622622e-002
1.300000000000001e+000	1.315871e-003	3.627494e-002
1.320000000000001e+000	1.319389e-003	3.632340e-002
1.340000000000001e+000	1.322895e-003	3.637162e-002
1.360000000000001e+000	1.326390e-003	3.641964e-002
1.380000000000001e+000	1.329876e-003	3.646746e-002
1.400000000000001e+000	1.333353e-003	3.651510e-002
1.420000000000001e+000	1.336823e-003	3.656259e-002
1.440000000000001e+000	1.340286e-003	3.660992e-002
1.460000000000001e+000	1.343744e-003	3.665712e-002
1.480000000000001e+000	1.347197e-003	3.670419e-002
1.500000000000001e+000	1.350646e-003	3.675114e-002
1.520000000000001e+000	1.354092e-003	3.679799e-002
1.540000000000001e+000	1.357534e-003	3.684473e-002
1.560000000000001e+000	1.360974e-003	3.689138e-002
1.580000000000001e+000	1.364412e-003	3.693795e-002
1.600000000000001e+000	1.367848e-003	3.698444e-002
1.620000000000001e+000	1.371284e-003	3.703085e-002
1.640000000000001e+000	1.374718e-003	3.707719e-002
1.660000000000001e+000	1.378151e-003	3.712346e-002
1.680000000000001e+000	1.381585e-003	3.716968e-002
1.700000000000001e+000	1.385018e-003	3.721583e-002
1.720000000000001e+000	1.388452e-003	3.726194e-002
1.740000000000001e+000	1.391886e-003	3.730799e-002
1.760000000000001e+000	1.395321e-003	3.735399e-002
1.780000000000001e+000	1.398757e-003	3.739996e-002
1.800000000000000e+000	1.402193e-003	3.744587e-002
Step Information: Vgs=1.9  (Run: 14/20)
0.000000000000000e+000	0.000000e+000	0.000000e+000
2.000000000000000e-002	5.639737e-005	7.509818e-003
4.000000000000000e-002	1.112872e-004	1.054928e-002
6.000000000000000e-002	1.646987e-004	1.283350e-002
8.000000000000000e-002	2.166602e-004	1.471938e-002
1.000000000000000e-001	2.671990e-004	1.634622e-002
1.200000000000000e-001	3.163420e-004	1.778601e-002
1.400000000000000e-001	3.641150e-004	1.908180e-002
1.600000000000000e-001	4.105431e-004	2.026186e-002
1.800000000000000e-001	4.556507e-004	2.134598e-002
2.000000000000000e-001	4.994614e-004	2.234863e-002
2.200000000000000e-001	5.419978e-004	2.328085e-002
2.400000000000000e-001	5.832821e-004	2.415123e-002
2.600000000000000e-001	6.233356e-004	2.496669e-002
2.800000000000000e-001	6.621784e-004	2.573283e-002
3.000000000000000e-001	6.998304e-004	2.645431e-002
3.200000000000000e-001	7.363100e-004	2.713503e-002
3.400000000000000e-001	7.716353e-004	2.777832e-002
3.600000000000000e-001	8.058229e-004	2.838702e-002
3.800000000000001e-001	8.388886e-004	2.896357e-002
4.000000000000001e-001	8.708470e-004	2.951012e-002
4.200000000000001e-001	9.017115e-004	3.002851e-002
4.400000000000001e-001	9.314941e-004	3.052039e-002
4.600000000000001e-001	9.602049e-004	3.098717e-002
4.800000000000002e-001	9.878526e-004	3.143012e-002
5.000000000000001e-001	1.014444e-003	3.185033e-002
5.200000000000001e-001	1.039982e-003	3.224875e-002
5.400000000000002e-001	1.064469e-003	3.262620e-002
5.600000000000002e-001	1.087903e-003	3.298338e-002
5.800000000000002e-001	1.110279e-003	3.332084e-002
6.000000000000002e-001	1.131587e-003	3.363907e-002
6.200000000000002e-001	1.151814e-003	3.393839e-002
6.400000000000002e-001	1.170944e-003	3.421906e-002
6.600000000000003e-001	1.188957e-003	3.448126e-002
6.800000000000003e-001	1.205832e-003	3.472509e-002
7.000000000000003e-001	1.221550e-003	3.495068e-002
7.200000000000003e-001	1.236100e-003	3.515821e-002
7.400000000000003e-001	1.249483e-003	3.534802e-002
7.600000000000003e-001	1.261718e-003	3.552066e-002
7.800000000000004e-001	1.272848e-003	3.567700e-002
8.000000000000004e-001	1.282941e-003	3.581817e-002
8.200000000000004e-001	1.292085e-003	3.594559e-002
8.400000000000004e-001	1.300382e-003	3.606081e-002
8.600000000000004e-001	1.307940e-003	3.616545e-002
8.800000000000005e-001	1.314864e-003	3.626105e-002
9.000000000000005e-001	1.321252e-003	3.634903e-002
9.200000000000005e-001	1.327191e-003	3.643063e-002
9.400000000000005e-001	1.332755e-003	3.650692e-002
9.600000000000005e-001	1.338008e-003	3.657878e-002
9.800000000000005e-001	1.343000e-003	3.664697e-002
1.000000000000000e+000	1.347777e-003	3.671208e-002
1.020000000000001e+000	1.352372e-003	3.677461e-002
1.040000000000001e+000	1.356814e-003	3.683496e-002
1.060000000000001e+000	1.361128e-003	3.689347e-002
1.080000000000001e+000	1.365333e-003	3.695041e-002
1.100000000000001e+000	1.369445e-003	3.700601e-002
1.120000000000001e+000	1.373477e-003	3.706045e-002
1.140000000000001e+000	1.377441e-003	3.711389e-002
1.160000000000001e+000	1.381346e-003	3.716646e-002
1.180000000000001e+000	1.385199e-003	3.721827e-002
1.200000000000001e+000	1.389009e-003	3.726941e-002
1.220000000000001e+000	1.392779e-003	3.731996e-002
1.240000000000001e+000	1.396516e-003	3.736999e-002
1.260000000000001e+000	1.400223e-003	3.741955e-002
1.280000000000001e+000	1.403904e-003	3.746870e-002
1.300000000000001e+000	1.407562e-003	3.751748e-002
1.320000000000001e+000	1.411199e-003	3.756593e-002
1.340000000000001e+000	1.414819e-003	3.761408e-002
1.360000000000001e+000	1.418423e-003	3.766195e-002
1.380000000000001e+000	1.422012e-003	3.770958e-002
1.400000000000001e+000	1.425590e-003	3.775699e-002
1.420000000000001e+000	1.429157e-003	3.780419e-002
1.440000000000001e+000	1.432713e-003	3.785120e-002
1.460000000000001e+000	1.436262e-003	3.789804e-002
1.480000000000001e+000	1.439803e-003	3.794473e-002
1.500000000000001e+000	1.443337e-003	3.799127e-002
1.520000000000001e+000	1.446865e-003	3.803769e-002
1.540000000000001e+000	1.450389e-003	3.808397e-002
1.560000000000001e+000	1.453908e-003	3.813015e-002
1.580000000000001e+000	1.457424e-003	3.817622e-002
1.600000000000001e+000	1.460936e-003	3.822219e-002
1.620000000000001e+000	1.464446e-003	3.826808e-002
1.640000000000001e+000	1.467953e-003	3.831387e-002
1.660000000000001e+000	1.471459e-003	3.835960e-002
1.680000000000001e+000	1.474963e-003	3.840525e-002
1.700000000000001e+000	1.478466e-003	3.845083e-002
1.720000000000001e+000	1.481969e-003	3.849634e-002
1.740000000000001e+000	1.485471e-003	3.854180e-002
1.760000000000001e+000	1.488973e-003	3.858721e-002
1.780000000000001e+000	1.492475e-003	3.863256e-002
1.800000000000000e+000	1.495977e-003	3.867786e-002
Step Information: Vgs=2  (Run: 15/20)
0.000000000000000e+000	0.000000e+000	0.000000e+000
2.000000000000000e-002	5.719763e-005	7.562911e-003
4.000000000000000e-002	1.129532e-004	1.062794e-002
6.000000000000000e-002	1.672931e-004	1.293418e-002
8.000000000000000e-002	2.202432e-004	1.484059e-002
1.000000000000000e-001	2.718284e-004	1.648722e-002
1.200000000000000e-001	3.220732e-004	1.794640e-002
1.400000000000000e-001	3.710012e-004	1.926139e-002
1.600000000000000e-001	4.186356e-004	2.046059e-002
1.800000000000000e-001	4.649985e-004	2.156382e-002
2.000000000000000e-001	5.101117e-004	2.258565e-002
2.200000000000000e-001	5.539964e-004	2.353713e-002
2.400000000000000e-001	5.966729e-004	2.442689e-002
2.600000000000000e-001	6.381609e-004	2.526185e-002
2.800000000000000e-001	6.784794e-004	2.604764e-002
3.000000000000000e-001	7.176470e-004	2.678893e-002
3.200000000000000e-001	7.556811e-004	2.748965e-002
3.400000000000000e-001	7.925987e-004	2.815313e-002
3.600000000000000e-001	8.284160e-004	2.878222e-002
3.800000000000001e-001	8.631481e-004	2.937938e-002
4.000000000000001e-001	8.968097e-004	2.994678e-002
4.200000000000001e-001	9.294141e-004	3.048629e-002
4.400000000000001e-001	9.609736e-004	3.099957e-002
4.600000000000001e-001	9.914995e-004	3.148809e-002
4.800000000000002e-001	1.021002e-003	3.195312e-002
5.000000000000001e-001	1.049489e-003	3.239581e-002
5.200000000000001e-001	1.076967e-003	3.281717e-002
5.400000000000002e-001	1.103441e-003	3.321808e-002
5.600000000000002e-001	1.128913e-003	3.359930e-002
5.800000000000002e-001	1.153384e-003	3.396150e-002
6.000000000000002e-001	1.176849e-003	3.430523e-002
6.200000000000002e-001	1.199303e-003	3.463096e-002
6.400000000000002e-001	1.220736e-003	3.493903e-002
6.600000000000003e-001	1.241133e-003	3.522972e-002
6.800000000000003e-001	1.260477e-003	3.550320e-002
7.000000000000003e-001	1.278747e-003	3.575958e-002
7.200000000000003e-001	1.295922e-003	3.599892e-002
7.400000000000003e-001	1.311981e-003	3.622128e-002
7.600000000000003e-001	1.326909e-003	3.642676e-002
7.800000000000004e-001	1.340701e-003	3.661558e-002
8.000000000000004e-001	1.353369e-003	3.678816e-002
8.200000000000004e-001	1.364945e-003	3.694516e-002
8.400000000000004e-001	1.375486e-003	3.708755e-002
8.600000000000004e-001	1.385069e-003	3.721652e-002
8.800000000000005e-001	1.393785e-003	3.733344e-002
9.000000000000005e-001	1.401737e-003	3.743977e-002
9.200000000000005e-001	1.409024e-003	3.753697e-002
9.400000000000005e-001	1.415744e-003	3.762637e-002
9.600000000000005e-001	1.421984e-003	3.770921e-002
9.800000000000005e-001	1.427822e-003	3.778653e-002
1.000000000000000e+000	1.433322e-003	3.785923e-002
1.020000000000001e+000	1.438539e-003	3.792808e-002
1.040000000000001e+000	1.443519e-003	3.799368e-002
1.060000000000001e+000	1.448301e-003	3.805655e-002
1.080000000000001e+000	1.452915e-003	3.811713e-002
1.100000000000001e+000	1.457388e-003	3.817575e-002
1.120000000000001e+000	1.461739e-003	3.823270e-002
1.140000000000001e+000	1.465988e-003	3.828823e-002
1.160000000000001e+000	1.470149e-003	3.834253e-002
1.180000000000001e+000	1.474235e-003	3.839576e-002
1.200000000000001e+000	1.478254e-003	3.844807e-002
1.220000000000001e+000	1.482217e-003	3.849957e-002
1.240000000000001e+000	1.486130e-003	3.855036e-002
1.260000000000001e+000	1.490000e-003	3.860052e-002
1.280000000000001e+000	1.493833e-003	3.865013e-002
1.300000000000001e+000	1.497632e-003	3.869925e-002
1.320000000000001e+000	1.501402e-003	3.874793e-002
1.340000000000001e+000	1.505146e-003	3.879621e-002
1.360000000000001e+000	1.508867e-003	3.884414e-002
1.380000000000001e+000	1.512569e-003	3.889175e-002
1.400000000000001e+000	1.516252e-003	3.893908e-002
1.420000000000001e+000	1.519919e-003	3.898614e-002
1.440000000000001e+000	1.523573e-003	3.903297e-002
1.460000000000001e+000	1.527214e-003	3.907958e-002
1.480000000000001e+000	1.530844e-003	3.912600e-002
1.500000000000001e+000	1.534464e-003	3.917224e-002
1.520000000000001e+000	1.538076e-003	3.921831e-002
1.540000000000001e+000	1.541680e-003	3.926423e-002
1.560000000000001e+000	1.545277e-003	3.931001e-002
1.580000000000001e+000	1.548868e-003	3.935566e-002
1.600000000000001e+000	1.552454e-003	3.940120e-002
1.620000000000001e+000	1.556036e-003	3.944662e-002
1.640000000000001e+000	1.559614e-003	3.949194e-002
1.660000000000001e+000	1.563188e-003	3.953717e-002
1.680000000000001e+000	1.566759e-003	3.958231e-002
1.700000000000001e+000	1.570329e-003	3.962737e-002
1.720000000000001e+000	1.573896e-003	3.967236e-002
1.740000000000001e+000	1.577462e-003	3.971727e-002
1.760000000000001e+000	1.581026e-003	3.976212e-002
1.780000000000001e+000	1.584590e-003	3.980691e-002
1.800000000000000e+000	1.588153e-003	3.985164e-002
Step Information: Vgs=2.1  (Run: 16/20)
0.000000000000000e+000	0.000000e+000	0.000000e+000
2.000000000000000e-002	5.785121e-005	7.605998e-003
4.000000000000000e-002	1.143231e-004	1.069220e-002
6.000000000000000e-002	1.694398e-004	1.301691e-002
8.000000000000000e-002	2.232247e-004	1.494071e-002
1.000000000000000e-001	2.757007e-004	1.660424e-002
1.200000000000000e-001	3.268900e-004	1.808010e-002
1.400000000000000e-001	3.768142e-004	1.941170e-002
1.600000000000000e-001	4.254946e-004	2.062752e-002
1.800000000000000e-001	4.729516e-004	2.174745e-002
2.000000000000000e-001	5.192052e-004	2.278608e-002
2.200000000000000e-001	5.642749e-004	2.375447e-002
2.400000000000000e-001	6.081794e-004	2.466129e-002
2.600000000000000e-001	6.509373e-004	2.551347e-002
2.800000000000000e-001	6.925660e-004	2.631665e-002
3.000000000000000e-001	7.330828e-004	2.707550e-002
3.200000000000000e-001	7.725044e-004	2.779396e-002
3.400000000000000e-001	8.108466e-004	2.847537e-002
3.600000000000000e-001	8.481248e-004	2.912258e-002
3.800000000000001e-001	8.843536e-004	2.973808e-002
4.000000000000001e-001	9.195471e-004	3.032404e-002
4.200000000000001e-001	9.537184e-004	3.088233e-002
4.400000000000001e-001	9.868798e-004	3.141464e-002
4.600000000000001e-001	1.019043e-003	3.192245e-002
4.800000000000002e-001	1.050218e-003	3.240707e-002
5.000000000000001e-001	1.080415e-003	3.286967e-002
5.200000000000001e-001	1.109642e-003	3.331129e-002
5.400000000000002e-001	1.137905e-003	3.373285e-002
5.600000000000002e-001	1.165210e-003	3.413517e-002
5.800000000000002e-001	1.191559e-003	3.451897e-002
6.000000000000002e-001	1.216955e-003	3.488488e-002
6.200000000000002e-001	1.241395e-003	3.523343e-002
6.400000000000002e-001	1.264875e-003	3.556509e-002
6.600000000000003e-001	1.287389e-003	3.588020e-002
6.800000000000003e-001	1.308925e-003	3.617906e-002
7.000000000000003e-001	1.329468e-003	3.646188e-002
7.200000000000003e-001	1.349002e-003	3.672876e-002
7.400000000000003e-001	1.367504e-003	3.697978e-002
7.600000000000003e-001	1.384954e-003	3.721496e-002
7.800000000000004e-001	1.401327e-003	3.743430e-002
8.000000000000004e-001	1.416606e-003	3.763783e-002
8.200000000000004e-001	1.430784e-003	3.782570e-002
8.400000000000004e-001	1.443863e-003	3.799819e-002
8.600000000000004e-001	1.455868e-003	3.815584e-002
8.800000000000005e-001	1.466843e-003	3.829939e-002
9.000000000000005e-001	1.476855e-003	3.842987e-002
9.200000000000005e-001	1.485985e-003	3.854848e-002
9.400000000000005e-001	1.494328e-003	3.865653e-002
9.600000000000005e-001	1.501978e-003	3.875537e-002
9.800000000000005e-001	1.509032e-003	3.884627e-002
1.000000000000000e+000	1.515577e-003	3.893041e-002
1.020000000000001e+000	1.521690e-003	3.900884e-002
1.040000000000001e+000	1.527439e-003	3.908246e-002
1.060000000000001e+000	1.532882e-003	3.915204e-002
1.080000000000001e+000	1.538068e-003	3.921821e-002
1.100000000000001e+000	1.543036e-003	3.928150e-002
1.120000000000001e+000	1.547821e-003	3.934236e-002
1.140000000000001e+000	1.552451e-003	3.940115e-002
1.160000000000001e+000	1.556948e-003	3.945818e-002
1.180000000000001e+000	1.561332e-003	3.951369e-002
1.200000000000001e+000	1.565619e-003	3.956790e-002
1.220000000000001e+000	1.569822e-003	3.962097e-002
1.240000000000001e+000	1.573952e-003	3.967307e-002
1.260000000000001e+000	1.578020e-003	3.972430e-002
1.280000000000001e+000	1.582033e-003	3.977478e-002
1.300000000000001e+000	1.585998e-003	3.982460e-002
1.320000000000001e+000	1.589922e-003	3.987382e-002
1.340000000000001e+000	1.593808e-003	3.992253e-002
1.360000000000001e+000	1.597662e-003	3.997077e-002
1.380000000000001e+000	1.601487e-003	4.001859e-002
1.400000000000001e+000	1.605287e-003	4.006603e-002
1.420000000000001e+000	1.609064e-003	4.011314e-002
1.440000000000001e+000	1.612822e-003	4.015995e-002
1.460000000000001e+000	1.616561e-003	4.020648e-002
1.480000000000001e+000	1.620285e-003	4.025276e-002
1.500000000000001e+000	1.623995e-003	4.029882e-002
1.520000000000001e+000	1.627692e-003	4.034466e-002
1.540000000000001e+000	1.631378e-003	4.039032e-002
1.560000000000001e+000	1.635054e-003	4.043580e-002
1.580000000000001e+000	1.638721e-003	4.048112e-002
1.600000000000001e+000	1.642381e-003	4.052630e-002
1.620000000000001e+000	1.646034e-003	4.057134e-002
1.640000000000001e+000	1.649681e-003	4.061626e-002
1.660000000000001e+000	1.653322e-003	4.066106e-002
1.680000000000001e+000	1.656959e-003	4.070576e-002
1.700000000000001e+000	1.660591e-003	4.075036e-002
1.720000000000001e+000	1.664221e-003	4.079486e-002
1.740000000000001e+000	1.667847e-003	4.083928e-002
1.760000000000001e+000	1.671471e-003	4.088363e-002
1.780000000000001e+000	1.675092e-003	4.092789e-002
1.800000000000000e+000	1.678713e-003	4.097209e-002
Step Information: Vgs=2.2  (Run: 17/20)
0.000000000000000e+000	0.000000e+000	0.000000e+000
2.000000000000000e-002	5.837641e-005	7.640446e-003
4.000000000000000e-002	1.154336e-004	1.074400e-002
6.000000000000000e-002	1.711935e-004	1.308409e-002
8.000000000000000e-002	2.256774e-004	1.502256e-002
1.000000000000000e-001	2.789062e-004	1.670049e-002
1.200000000000000e-001	3.309002e-004	1.819066e-002
1.400000000000000e-001	3.816793e-004	1.953662e-002
1.600000000000000e-001	4.312628e-004	2.076687e-002
1.800000000000000e-001	4.796696e-004	2.190136e-002
2.000000000000000e-001	5.269180e-004	2.295470e-002
2.200000000000000e-001	5.730261e-004	2.393796e-002
2.400000000000000e-001	6.180111e-004	2.485983e-002
2.600000000000000e-001	6.618901e-004	2.572723e-002
2.800000000000000e-001	7.046796e-004	2.654580e-002
3.000000000000000e-001	7.463955e-004	2.732024e-002
3.200000000000000e-001	7.870534e-004	2.805447e-002
3.400000000000000e-001	8.266681e-004	2.875184e-002
3.600000000000000e-001	8.652543e-004	2.941521e-002
3.800000000000001e-001	9.028259e-004	3.004706e-002
4.000000000000001e-001	9.393960e-004	3.064957e-002
4.200000000000001e-001	9.749777e-004	3.122463e-002
4.400000000000001e-001	1.009583e-003	3.177394e-002
4.600000000000001e-001	1.043223e-003	3.229897e-002
4.800000000000002e-001	1.075909e-003	3.280105e-002
5.000000000000001e-001	1.107651e-003	3.328138e-002
5.200000000000001e-001	1.138456e-003	3.374102e-002
5.400000000000002e-001	1.168335e-003	3.418091e-002
5.600000000000002e-001	1.197292e-003	3.460190e-002
5.800000000000002e-001	1.225333e-003	3.500476e-002
6.000000000000002e-001	1.252463e-003	3.539016e-002
6.200000000000002e-001	1.278683e-003	3.575868e-002
6.400000000000002e-001	1.303994e-003	3.611086e-002
6.600000000000003e-001	1.328393e-003	3.644712e-002
6.800000000000003e-001	1.351875e-003	3.676785e-002
7.000000000000003e-001	1.374432e-003	3.707333e-002
7.200000000000003e-001	1.396054e-003	3.736380e-002
7.400000000000003e-001	1.416725e-003	3.763940e-002
7.600000000000003e-001	1.436427e-003	3.790023e-002
7.800000000000004e-001	1.455140e-003	3.814630e-002
8.000000000000004e-001	1.472841e-003	3.837761e-002
8.200000000000004e-001	1.489506e-003	3.859412e-002
8.400000000000004e-001	1.505116e-003	3.879582e-002
8.600000000000004e-001	1.519657e-003	3.898277e-002
8.800000000000005e-001	1.533128e-003	3.915518e-002
9.000000000000005e-001	1.545545e-003	3.931342e-002
9.200000000000005e-001	1.556943e-003	3.945811e-002
9.400000000000005e-001	1.567375e-003	3.959009e-002
9.600000000000005e-001	1.576916e-003	3.971040e-002
9.800000000000005e-001	1.585648e-003	3.982020e-002
1.000000000000000e+000	1.593665e-003	3.992073e-002
1.020000000000001e+000	1.601055e-003	4.001319e-002
1.040000000000001e+000	1.607908e-003	4.009873e-002
1.060000000000001e+000	1.614300e-003	4.017836e-002
1.080000000000001e+000	1.620303e-003	4.025298e-002
1.100000000000001e+000	1.625975e-003	4.032338e-002
1.120000000000001e+000	1.631368e-003	4.039019e-002
1.140000000000001e+000	1.636525e-003	4.045398e-002
1.160000000000001e+000	1.641481e-003	4.051520e-002
1.180000000000001e+000	1.646268e-003	4.057423e-002
1.200000000000001e+000	1.650910e-003	4.063139e-002
1.220000000000001e+000	1.655427e-003	4.068694e-002
1.240000000000001e+000	1.659838e-003	4.074111e-002
1.260000000000001e+000	1.664156e-003	4.079407e-002
1.280000000000001e+000	1.668395e-003	4.084600e-002
1.300000000000001e+000	1.672565e-003	4.089701e-002
1.320000000000001e+000	1.676675e-003	4.094722e-002
1.340000000000001e+000	1.680731e-003	4.099672e-002
1.360000000000001e+000	1.684742e-003	4.104560e-002
1.380000000000001e+000	1.688711e-003	4.109393e-002
1.400000000000001e+000	1.692645e-003	4.114176e-002
1.420000000000001e+000	1.696546e-003	4.118915e-002
1.440000000000001e+000	1.700420e-003	4.123615e-002
1.460000000000001e+000	1.704268e-003	4.128278e-002
1.480000000000001e+000	1.708094e-003	4.132910e-002
1.500000000000001e+000	1.711901e-003	4.137512e-002
1.520000000000001e+000	1.715690e-003	4.142089e-002
1.540000000000001e+000	1.719463e-003	4.146641e-002
1.560000000000001e+000	1.723222e-003	4.151171e-002
1.580000000000001e+000	1.726968e-003	4.155681e-002
1.600000000000001e+000	1.730704e-003	4.160173e-002
1.620000000000001e+000	1.734429e-003	4.164648e-002
1.640000000000001e+000	1.738146e-003	4.169107e-002
1.660000000000001e+000	1.741854e-003	4.173553e-002
1.680000000000001e+000	1.745556e-003	4.177985e-002
1.700000000000001e+000	1.749251e-003	4.182405e-002
1.720000000000001e+000	1.752941e-003	4.186814e-002
1.740000000000001e+000	1.756627e-003	4.191213e-002
1.760000000000001e+000	1.760308e-003	4.195602e-002
1.780000000000001e+000	1.763985e-003	4.199982e-002
1.800000000000000e+000	1.767660e-003	4.204354e-002
Step Information: Vgs=2.3  (Run: 18/20)
0.000000000000000e+000	0.000000e+000	0.000000e+000
2.000000000000000e-002	5.878910e-005	7.667405e-003
4.000000000000000e-002	1.163163e-004	1.078500e-002
6.000000000000000e-002	1.726016e-004	1.313779e-002
8.000000000000000e-002	2.276644e-004	1.508855e-002
1.000000000000000e-001	2.815238e-004	1.677867e-002
1.200000000000000e-001	3.341983e-004	1.828109e-002
1.400000000000000e-001	3.857062e-004	1.963940e-002
1.600000000000000e-001	4.360652e-004	2.088217e-002
1.800000000000000e-001	4.852926e-004	2.202936e-002
2.000000000000000e-001	5.334053e-004	2.309557e-002
2.200000000000000e-001	5.804200e-004	2.409191e-002
2.400000000000000e-001	6.263526e-004	2.502704e-002
2.600000000000000e-001	6.712187e-004	2.590789e-002
2.800000000000000e-001	7.150339e-004	2.674012e-002
3.000000000000000e-001	7.578128e-004	2.752840e-002
3.200000000000000e-001	7.995701e-004	2.827667e-002
3.400000000000000e-001	8.403196e-004	2.898827e-002
3.600000000000000e-001	8.800750e-004	2.966606e-002
3.800000000000001e-001	9.188494e-004	3.031253e-002
4.000000000000001e-001	9.566556e-004	3.092985e-002
4.200000000000001e-001	9.935057e-004	3.151993e-002
4.400000000000001e-001	1.029411e-003	3.208444e-002
4.600000000000001e-001	1.064384e-003	3.262490e-002
4.800000000000002e-001	1.098434e-003	3.314263e-002
5.000000000000001e-001	1.131571e-003	3.363883e-002
5.200000000000001e-001	1.163804e-003	3.411457e-002
5.400000000000002e-001	1.195143e-003	3.457083e-002
5.600000000000002e-001	1.225593e-003	3.500848e-002
5.800000000000002e-001	1.255163e-003	3.542828e-002
6.000000000000002e-001	1.283858e-003	3.583096e-002
6.200000000000002e-001	1.311681e-003	3.621714e-002
6.400000000000002e-001	1.338636e-003	3.658738e-002
6.600000000000003e-001	1.364724e-003	3.694217e-002
6.800000000000003e-001	1.389944e-003	3.728195e-002
7.000000000000003e-001	1.414293e-003	3.760709e-002
7.200000000000003e-001	1.437766e-003	3.791788e-002
7.400000000000003e-001	1.460354e-003	3.821458e-002
7.600000000000003e-001	1.482047e-003	3.849736e-002
7.800000000000004e-001	1.502829e-003	3.876634e-002
8.000000000000004e-001	1.522683e-003	3.902157e-002
8.200000000000004e-001	1.541587e-003	3.926305e-002
8.400000000000004e-001	1.559520e-003	3.949076e-002
8.600000000000004e-001	1.576457e-003	3.970462e-002
8.800000000000005e-001	1.592376e-003	3.990459e-002
9.000000000000005e-001	1.607262e-003	4.009068e-002
9.200000000000005e-001	1.621109e-003	4.026299e-002
9.400000000000005e-001	1.633923e-003	4.042182e-002
9.600000000000005e-001	1.645732e-003	4.056762e-002
9.800000000000005e-001	1.656578e-003	4.070108e-002
1.000000000000000e+000	1.666525e-003	4.082309e-002
1.020000000000001e+000	1.675648e-003	4.093468e-002
1.040000000000001e+000	1.684032e-003	4.103697e-002
1.060000000000001e+000	1.691765e-003	4.113107e-002
1.080000000000001e+000	1.698931e-003	4.121809e-002
1.100000000000001e+000	1.705608e-003	4.129901e-002
1.120000000000001e+000	1.711869e-003	4.137474e-002
1.140000000000001e+000	1.717775e-003	4.144604e-002
1.160000000000001e+000	1.723379e-003	4.151360e-002
1.180000000000001e+000	1.728727e-003	4.157796e-002
1.200000000000001e+000	1.733857e-003	4.163961e-002
1.220000000000001e+000	1.738803e-003	4.169895e-002
1.240000000000001e+000	1.743589e-003	4.175631e-002
1.260000000000001e+000	1.748240e-003	4.181196e-002
1.280000000000001e+000	1.752774e-003	4.186614e-002
1.300000000000001e+000	1.757207e-003	4.191905e-002
1.320000000000001e+000	1.761553e-003	4.197085e-002
1.340000000000001e+000	1.765822e-003	4.202169e-002
1.360000000000001e+000	1.770025e-003	4.207167e-002
1.380000000000001e+000	1.774170e-003	4.212090e-002
1.400000000000001e+000	1.778265e-003	4.216947e-002
1.420000000000001e+000	1.782314e-003	4.221746e-002
1.440000000000001e+000	1.786323e-003	4.226492e-002
1.460000000000001e+000	1.790297e-003	4.231191e-002
1.480000000000001e+000	1.794241e-003	4.235848e-002
1.500000000000001e+000	1.798156e-003	4.240467e-002
1.520000000000001e+000	1.802047e-003	4.245052e-002
1.540000000000001e+000	1.805916e-003	4.249607e-002
1.560000000000001e+000	1.809765e-003	4.254134e-002
1.580000000000001e+000	1.813597e-003	4.258635e-002
1.600000000000001e+000	1.817413e-003	4.263113e-002
1.620000000000001e+000	1.821215e-003	4.267570e-002
1.640000000000001e+000	1.825005e-003	4.272008e-002
1.660000000000001e+000	1.828783e-003	4.276427e-002
1.680000000000001e+000	1.832551e-003	4.280831e-002
1.700000000000001e+000	1.836311e-003	4.285220e-002
1.720000000000001e+000	1.840062e-003	4.289595e-002
1.740000000000001e+000	1.843807e-003	4.293957e-002
1.760000000000001e+000	1.847545e-003	4.298308e-002
1.780000000000001e+000	1.851277e-003	4.302647e-002
1.800000000000000e+000	1.855005e-003	4.306977e-002
Step Information: Vgs=2.4  (Run: 19/20)
0.000000000000000e+000	0.000000e+000	0.000000e+000
2.000000000000000e-002	5.910307e-005	7.687852e-003
4.000000000000000e-002	1.169988e-004	1.081660e-002
6.000000000000000e-002	1.737055e-004	1.317974e-002
8.000000000000000e-002	2.292409e-004	1.514070e-002
1.000000000000000e-001	2.836223e-004	1.684109e-002
1.200000000000000e-001	3.368669e-004	1.835393e-002
1.400000000000000e-001	3.889911e-004	1.972286e-002
1.600000000000000e-001	4.400115e-004	2.097645e-002
1.800000000000000e-001	4.899438e-004	2.213467e-002
2.000000000000000e-001	5.388037e-004	2.321215e-002
2.200000000000000e-001	5.866064e-004	2.421996e-002
2.400000000000000e-001	6.333666e-004	2.516678e-002
2.600000000000000e-001	6.790991e-004	2.605953e-002
2.800000000000000e-001	7.238179e-004	2.690386e-002
3.000000000000000e-001	7.675368e-004	2.770445e-002
3.200000000000000e-001	8.102693e-004	2.846523e-002
3.400000000000000e-001	8.520284e-004	2.918953e-002
3.600000000000000e-001	8.928271e-004	2.988021e-002
3.800000000000001e-001	9.326775e-004	3.053977e-002
4.000000000000001e-001	9.715917e-004	3.117037e-002
4.200000000000001e-001	1.009581e-003	3.177391e-002
4.400000000000001e-001	1.046657e-003	3.235208e-002
4.600000000000001e-001	1.082830e-003	3.290639e-002
4.800000000000002e-001	1.118111e-003	3.343817e-002
5.000000000000001e-001	1.152509e-003	3.394863e-002
5.200000000000001e-001	1.186034e-003	3.443884e-002
5.400000000000002e-001	1.218693e-003	3.490979e-002
5.600000000000002e-001	1.250496e-003	3.536235e-002
5.800000000000002e-001	1.281449e-003	3.579733e-002
6.000000000000002e-001	1.311559e-003	3.621545e-002
6.200000000000002e-001	1.340831e-003	3.661735e-002
6.400000000000002e-001	1.369269e-003	3.700364e-002
6.600000000000003e-001	1.396879e-003	3.737484e-002
6.800000000000003e-001	1.423660e-003	3.773142e-002
7.000000000000003e-001	1.449614e-003	3.807379e-002
7.200000000000003e-001	1.474739e-003	3.840233e-002
7.400000000000003e-001	1.499032e-003	3.871733e-002
7.600000000000003e-001	1.522487e-003	3.901905e-002
7.800000000000004e-001	1.545095e-003	3.930770e-002
8.000000000000004e-001	1.566846e-003	3.958341e-002
8.200000000000004e-001	1.587726e-003	3.984628e-002
8.400000000000004e-001	1.607715e-003	4.009633e-002
8.600000000000004e-001	1.626795e-003	4.033355e-002
8.800000000000005e-001	1.644942e-003	4.055789e-002
9.000000000000005e-001	1.662133e-003	4.076926e-002
9.200000000000005e-001	1.678344e-003	4.096760e-002
9.400000000000005e-001	1.693557e-003	4.115285e-002
9.600000000000005e-001	1.707763e-003	4.132508e-002
9.800000000000005e-001	1.720961e-003	4.148447e-002
1.000000000000000e+000	1.733170e-003	4.163135e-002
1.020000000000001e+000	1.744423e-003	4.176629e-002
1.040000000000001e+000	1.754774e-003	4.189002e-002
1.060000000000001e+000	1.764288e-003	4.200343e-002
1.080000000000001e+000	1.773044e-003	4.210753e-002
1.100000000000001e+000	1.781124e-003	4.220336e-002
1.120000000000001e+000	1.788610e-003	4.229196e-002
1.140000000000001e+000	1.795579e-003	4.237428e-002
1.160000000000001e+000	1.802105e-003	4.245121e-002
1.180000000000001e+000	1.808250e-003	4.252353e-002
1.200000000000001e+000	1.814071e-003	4.259191e-002
1.220000000000001e+000	1.819615e-003	4.265694e-002
1.240000000000001e+000	1.824923e-003	4.271911e-002
1.260000000000001e+000	1.830029e-003	4.277884e-002
1.280000000000001e+000	1.834962e-003	4.283646e-002
1.300000000000001e+000	1.839748e-003	4.289228e-002
1.320000000000001e+000	1.844405e-003	4.294654e-002
1.340000000000001e+000	1.848952e-003	4.299944e-002
1.360000000000001e+000	1.853403e-003	4.305117e-002
1.380000000000001e+000	1.857771e-003	4.310187e-002
1.400000000000001e+000	1.862067e-003	4.315167e-002
1.420000000000001e+000	1.866298e-003	4.320067e-002
1.440000000000001e+000	1.870474e-003	4.324897e-002
1.460000000000001e+000	1.874600e-003	4.329665e-002
1.480000000000001e+000	1.878682e-003	4.334377e-002
1.500000000000001e+000	1.882726e-003	4.339039e-002
1.520000000000001e+000	1.886736e-003	4.343657e-002
1.540000000000001e+000	1.890715e-003	4.348235e-002
1.560000000000001e+000	1.894666e-003	4.352777e-002
1.580000000000001e+000	1.898594e-003	4.357286e-002
1.600000000000001e+000	1.902500e-003	4.361765e-002
1.620000000000001e+000	1.906386e-003	4.366218e-002
1.640000000000001e+000	1.910255e-003	4.370647e-002
1.660000000000001e+000	1.914109e-003	4.375053e-002
1.680000000000001e+000	1.917948e-003	4.379439e-002
1.700000000000001e+000	1.921775e-003	4.383806e-002
1.720000000000001e+000	1.925591e-003	4.388155e-002
1.740000000000001e+000	1.929396e-003	4.392490e-002
1.760000000000001e+000	1.933193e-003	4.396809e-002
1.780000000000001e+000	1.936982e-003	4.401115e-002
1.800000000000000e+000	1.940763e-003	4.405409e-002
Step Information: Vgs=2.5  (Run: 20/20)
0.000000000000000e+000	0.000000e+000	0.000000e+000
2.000000000000000e-002	5.933030e-005	7.702617e-003
4.000000000000000e-002	1.175052e-004	1.083998e-002
6.000000000000000e-002	1.745414e-004	1.321141e-002
8.000000000000000e-002	2.304551e-004	1.518075e-002
1.000000000000000e-001	2.852622e-004	1.688971e-002
1.200000000000000e-001	3.389783e-004	1.841136e-002
1.400000000000000e-001	3.916187e-004	1.978936e-002
1.600000000000000e-001	4.431983e-004	2.105228e-002
1.800000000000000e-001	4.937319e-004	2.222008e-002
2.000000000000000e-001	5.432336e-004	2.330737e-002
2.200000000000000e-001	5.917177e-004	2.432525e-002
2.400000000000000e-001	6.391977e-004	2.528236e-002
2.600000000000000e-001	6.856872e-004	2.618563e-002
2.800000000000000e-001	7.311992e-004	2.704069e-002
3.000000000000000e-001	7.757465e-004	2.785223e-002
3.200000000000000e-001	8.193417e-004	2.862415e-002
3.400000000000000e-001	8.619971e-004	2.935979e-002
3.600000000000000e-001	9.037244e-004	3.006201e-002
3.800000000000001e-001	9.445352e-004	3.073329e-002
4.000000000000001e-001	9.844410e-004	3.137580e-002
4.200000000000001e-001	1.023452e-003	3.199144e-002
4.400000000000001e-001	1.061580e-003	3.258190e-002
4.600000000000001e-001	1.098835e-003	3.314868e-002
4.800000000000002e-001	1.135226e-003	3.369311e-002
5.000000000000001e-001	1.170762e-003	3.421641e-002
5.200000000000001e-001	1.205454e-003	3.471965e-002
5.400000000000002e-001	1.239309e-003	3.520383e-002
5.600000000000002e-001	1.272336e-003	3.566982e-002
5.800000000000002e-001	1.304542e-003	3.611844e-002
6.000000000000002e-001	1.335934e-003	3.655043e-002
6.200000000000002e-001	1.366518e-003	3.696645e-002
6.400000000000002e-001	1.396300e-003	3.736710e-002
6.600000000000003e-001	1.425285e-003	3.775294e-002
6.800000000000003e-001	1.453475e-003	3.812447e-002
7.000000000000003e-001	1.480874e-003	3.848213e-002
7.200000000000003e-001	1.507483e-003	3.882632e-002
7.400000000000003e-001	1.533303e-003	3.915741e-002
7.600000000000003e-001	1.558330e-003	3.947569e-002
7.800000000000004e-001	1.582561e-003	3.978142e-002
8.000000000000004e-001	1.605991e-003	4.007482e-002
8.200000000000004e-001	1.628611e-003	4.035606e-002
8.400000000000004e-001	1.650411e-003	4.062525e-002
8.600000000000004e-001	1.671375e-003	4.088245e-002
8.800000000000005e-001	1.691487e-003	4.112769e-002
9.000000000000005e-001	1.710727e-003	4.136093e-002
9.200000000000005e-001	1.729072e-003	4.158212e-002
9.400000000000005e-001	1.746500e-003	4.179115e-002
9.600000000000005e-001	1.762986e-003	4.198793e-002
9.800000000000005e-001	1.778511e-003	4.217239e-002
1.000000000000000e+000	1.793059e-003	4.234453e-002
1.020000000000001e+000	1.806628e-003	4.250445e-002
1.040000000000001e+000	1.819227e-003	4.265239e-002
1.060000000000001e+000	1.830880e-003	4.278879e-002
1.080000000000001e+000	1.841632e-003	4.291424e-002
1.100000000000001e+000	1.851539e-003	4.302951e-002
1.120000000000001e+000	1.860671e-003	4.313549e-002
1.140000000000001e+000	1.869104e-003	4.323313e-002
1.160000000000001e+000	1.876917e-003	4.332340e-002
1.180000000000001e+000	1.884187e-003	4.340722e-002
1.200000000000001e+000	1.890986e-003	4.348546e-002
1.220000000000001e+000	1.897378e-003	4.355891e-002
1.240000000000001e+000	1.903422e-003	4.362823e-002
1.260000000000001e+000	1.909168e-003	4.369403e-002
1.280000000000001e+000	1.914658e-003	4.375680e-002
1.300000000000001e+000	1.919929e-003	4.381700e-002
1.320000000000001e+000	1.925012e-003	4.387496e-002
1.340000000000001e+000	1.929934e-003	4.393102e-002
1.360000000000001e+000	1.934717e-003	4.398541e-002
1.380000000000001e+000	1.939379e-003	4.403838e-002
1.400000000000001e+000	1.943936e-003	4.409009e-002
1.420000000000001e+000	1.948402e-003	4.414071e-002
1.440000000000001e+000	1.952788e-003	4.419036e-002
1.460000000000001e+000	1.957105e-003	4.423918e-002
1.480000000000001e+000	1.961360e-003	4.428725e-002
1.500000000000001e+000	1.965561e-003	4.433465e-002
1.520000000000001e+000	1.969715e-003	4.438147e-002
1.540000000000001e+000	1.973826e-003	4.442776e-002
1.560000000000001e+000	1.977899e-003	4.447357e-002
1.580000000000001e+000	1.981938e-003	4.451897e-002
1.600000000000001e+000	1.985948e-003	4.456398e-002
1.620000000000001e+000	1.989931e-003	4.460864e-002
1.640000000000001e+000	1.993890e-003	4.465300e-002
1.660000000000001e+000	1.997828e-003	4.469707e-002
1.680000000000001e+000	2.001746e-003	4.474088e-002
1.700000000000001e+000	2.005647e-003	4.478445e-002
1.720000000000001e+000	2.009533e-003	4.482781e-002
1.740000000000001e+000	2.013405e-003	4.487098e-002
1.760000000000001e+000	2.017264e-003	4.491396e-002
1.780000000000001e+000	2.021112e-003	4.495677e-002
1.800000000000000e+000	2.024949e-003	4.499944e-002
